1 1 0 1200
1 2 0 1280
1 3 0 2650
1 4 0 460
1 5 0 1780
1 6 0 950
1 7 1 3990
1 8 1 400
1 9 1 1260
1 10 1 590
1 11 1 700
1 12 1 1520
1 13 1 790
1 14 1 1010
1 15 1 690
1 16 1 1550
1 17 1 640
1 18 1 1000
1 19 1 610
1 20 1 1020
1 1 1 1110
1 2 1 1340
1 3 1 640
1 4 1 660
1 5 1 880
1 6 1 840
1 7 1 1550
1 8 1 1300
1 9 1 800
1 10 1 1190
1 11 1 810
1 12 1 710
1 13 1 1060
1 14 1 1590
1 15 1 1250
1 16 1 460
1 17 1 690
1 18 1 560
1 19 1 1820
1 20 1 460
1 1 1 540
1 2 1 860
1 3 1 2940
1 4 1 1150
1 5 1 1420
1 6 1 1230
1 7 1 2630
1 8 1 1060
1 9 1 730
1 10 1 630
1 11 1 490
1 12 1 1710
1 13 1 470
1 14 1 990
1 15 1 1180
1 16 1 1120
1 17 1 1190
1 18 1 600
1 19 1 510
1 20 1 1750
1 1 1 1060
1 2 1 690
1 3 1 1010
1 4 1 1240
1 5 1 610
1 6 1 690
1 7 1 1210
1 8 1 1270
1 9 1 1150
1 10 1 1060
1 11 1 470
1 12 1 1520
1 13 1 1090
1 14 1 1020
1 15 1 1700
1 16 1 1650
1 17 1 1200
1 18 1 550
1 19 1 1270
1 20 1 1190
1 1 1 710
1 2 1 1430
1 3 1 690
1 4 1 1300
1 5 1 510
1 6 1 710
1 7 1 1170
1 8 1 620
1 9 1 1260
1 10 1 850
1 11 1 640
1 12 1 1260
1 13 1 1060
1 14 1 1660
1 15 1 900
1 16 1 950
1 17 1 1700
1 18 1 830
1 19 1 1400
1 20 1 900
1 1 1 620
1 2 1 630
1 3 1 1160
1 4 1 1360
1 5 1 970
1 6 1 1450
1 7 1 1370
1 8 1 670
1 9 1 1590
1 10 1 920
1 11 1 1160
1 12 1 630
1 13 1 670
1 14 1 1870
1 15 1 560
1 16 1 970
1 17 1 1700
1 18 1 1290
1 19 1 1290
1 20 1 1370
1 1 1 1520
1 2 1 1590
1 3 1 840
1 4 1 1130
1 5 1 1160
1 6 1 1160
1 7 1 1160
1 8 1 740
1 9 1 1830
1 10 1 520
1 11 1 1390
1 12 1 750
1 13 1 950
1 14 1 1260
1 15 1 920
1 16 1 1380
1 17 1 1050
1 18 1 1390
1 19 1 780
1 20 1 1080
1 1 1 1320
1 2 1 1450
1 3 1 1060
1 4 1 920
1 5 1 1160
1 6 1 970
1 7 1 1340
1 8 1 1160
1 9 1 1350
1 10 1 1140
1 11 1 1400
1 12 1 980
1 13 1 1840
1 14 1 1150
1 15 1 490
1 16 1 990
1 17 1 1410
1 18 1 870
1 19 1 710
1 20 1 1400
1 1 1 730
1 2 1 790
1 3 1 880
1 4 1 1030
1 5 1 590
1 6 1 650
1 7 1 820
1 8 1 1200
1 9 1 1390
1 10 1 690
1 11 1 1390
1 12 1 430
1 13 1 980
1 14 1 680
1 15 1 1650
1 16 1 1810
1 17 1 960
1 18 1 1300
1 19 1 1260
1 20 1 840
1 1 1 520
1 2 1 570
1 3 1 1790
1 4 1 2090
1 5 1 940
1 6 1 440
1 7 1 1400
1 8 1 1100
1 9 1 1390
1 10 1 880
1 11 1 820
1 12 1 910
1 13 1 520
1 14 1 1340
1 15 1 1340
1 16 1 810
1 17 1 1000
1 18 1 290
1 19 1 1050
1 20 1 530
1 1 1 1470
1 2 1 440
1 3 1 710
1 4 1 560
1 5 1 370
1 6 1 1790
1 7 1 1740
1 8 1 940
1 9 1 1070
1 10 1 420
1 11 1 850
1 12 1 800
1 13 1 820
1 14 1 1200
1 15 1 1380
1 16 1 450
1 17 1 650
1 18 1 1360
1 19 1 1060
1 20 1 1520
1 1 1 600
1 2 1 460
1 3 1 470
1 4 1 1060
1 5 1 410
1 6 1 370
1 7 1 1160
1 8 1 1070
1 9 1 710
1 10 1 990
1 11 1 1300
1 12 1 620
1 13 1 1160
1 14 1 400
1 15 1 920
1 16 1 1080
1 17 1 1060
1 18 1 1620
1 19 1 1440
1 20 1 1010
1 1 1 1060
1 2 1 380
1 3 1 1220
1 4 1 1120
1 5 1 550
1 6 1 1100
1 7 1 630
1 8 1 1260
1 9 1 600
1 10 1 940
1 11 1 1170
1 12 1 1360
1 13 1 1420
1 14 1 1090
1 15 1 750
1 16 1 1000
1 17 1 1060
1 18 1 790
1 19 1 620
1 20 1 1400
1 1 1 840
1 2 1 1040
1 3 1 1160
1 4 1 1370
1 5 1 540
1 6 1 910
1 7 1 930
1 8 1 950
1 9 1 680
1 10 1 830
1 11 1 1500
1 12 1 780
1 13 1 980
1 14 1 610
1 15 1 1380
1 16 1 470
1 17 1 1340
1 18 1 1220
1 19 1 1410
1 20 1 1370
1 1 1 820
1 2 1 1100
1 3 1 1160
1 4 1 880
1 5 1 1770
1 6 1 490
1 7 1 1630
1 8 1 570
1 9 1 650
1 10 1 1720
1 11 1 760
1 12 1 1250
1 13 1 780
1 14 1 1630
1 15 1 1150
1 16 1 780
1 17 1 690
1 18 1 560
1 19 1 1200
1 20 1 970
1 1 1 1080
1 2 1 630
1 3 1 1480
1 4 1 870
1 5 1 1300
1 6 1 1240
1 7 1 440
1 8 1 1170
1 9 1 1570
1 10 1 1600
1 11 1 820
1 12 1 1330
1 13 1 1050
1 14 1 790
1 15 1 680
1 16 1 1370
1 17 1 1300
1 18 1 850
1 19 1 1880
1 20 1 1100
1 1 1 790
1 2 1 690
1 3 1 840
1 4 1 1320
1 5 1 860
1 6 1 1290
1 7 1 2120
1 8 1 1750
1 9 1 840
1 10 1 1730
1 11 1 740
1 12 1 1160
1 13 1 1500
1 14 1 1620
1 15 1 770
1 16 1 400
1 17 1 620
1 18 1 1750
1 19 1 920
1 20 1 1130
1 1 1 640
1 2 1 770
1 3 1 2050
1 4 1 480
1 5 1 950
1 6 1 1430
1 7 1 670
1 8 1 1340
1 9 1 850
1 10 1 1160
1 11 1 1120
1 12 1 1100
1 13 1 780
1 14 1 910
1 15 1 560
1 16 1 670
1 17 1 830
1 18 1 360
1 19 1 1060
1 20 1 920
1 1 1 1010
1 2 1 700
1 3 1 780
1 4 1 1030
1 5 1 1260
1 6 1 940
1 7 1 1000
1 8 1 1040
1 9 1 1220
1 10 1 880
1 11 1 1060
1 12 1 400
1 13 1 1470
1 14 1 750
1 15 1 870
1 16 1 890
1 17 1 1070
1 18 1 1280
1 19 1 1480
1 20 1 1250
1 1 1 840
1 2 1 1000
1 3 1 710
1 4 1 1650
1 5 1 2600
1 6 1 2010
1 7 1 940
1 8 1 1140
1 9 1 1850
1 10 1 1770
1 11 1 590
1 12 1 2000
1 13 1 810
1 14 1 770
1 15 1 1610
1 16 1 560
1 17 1 1560
1 18 1 880
1 19 1 1250
1 20 1 1210
1 1 1 1070
1 2 1 440
1 3 1 1300
1 4 1 1200
1 5 1 640
1 6 1 1270
1 7 1 620
1 8 1 1650
1 9 1 1200
1 10 1 680
1 11 1 450
1 12 1 580
1 13 1 540
1 14 1 860
1 15 1 680
1 16 1 920
1 17 1 580
1 18 1 820
1 19 1 810
1 20 1 1810
1 1 1 1180
1 2 1 670
1 3 1 830
1 4 1 660
1 5 1 1640
1 6 1 570
1 7 1 1800
1 8 1 390
1 9 1 2060
1 10 1 1450
1 11 1 1100
1 12 1 2190
1 13 1 1700
1 14 1 1180
1 15 1 1060
1 16 1 1670
1 17 1 1130
1 18 1 780
1 19 1 870
1 20 1 670
1 1 1 970
1 2 1 750
1 3 1 700
1 4 1 1740
1 5 1 1290
1 6 1 940
1 7 1 1010
1 8 1 510
1 9 1 660
1 10 1 1120
1 11 1 1150
1 12 1 1080
1 13 1 1670
1 14 1 680
1 15 1 690
1 16 1 1030
1 17 1 1640
1 18 1 1210
1 19 1 1080
1 20 1 1760
1 1 1 950
1 2 1 790
1 3 1 1150
1 4 1 740
1 5 1 390
1 6 1 540
1 7 1 1250
1 8 1 940
1 9 1 950
1 10 1 1130
1 11 1 440
1 12 1 970
1 13 1 540
1 14 1 460
1 15 1 1200
1 16 1 480
1 17 1 1860
1 18 1 860
1 19 1 1460
1 20 1 880
1 1 1 1340
1 2 1 790
1 3 1 1070
1 4 1 560
1 5 1 1180
1 6 1 710
1 7 1 1810
1 8 1 1030
1 9 1 1050
1 10 1 610
1 11 1 1160
1 12 1 1680
1 13 1 760
1 14 1 790
1 15 1 960
1 16 1 940
1 17 1 620
1 18 1 560
1 19 1 770
1 20 1 1190
1 1 1 1150
1 2 1 1260
1 3 1 780
1 4 1 1130
1 5 1 680
1 6 1 460
1 7 1 1350
1 8 1 1130
1 9 1 670
1 10 1 970
1 11 1 490
1 12 1 720
1 13 1 1250
1 14 1 860
1 15 1 950
1 16 1 1370
1 17 1 730
1 18 1 890
1 19 1 1210
1 20 1 1620
1 1 1 1110
1 2 1 400
1 3 1 910
1 4 1 1020
1 5 1 1400
1 6 1 1110
1 7 1 1480
1 8 1 640
1 9 1 790
1 10 1 810
1 11 1 640
1 12 1 2670
1 13 1 1070
1 14 1 380
1 15 1 320
1 16 1 1160
1 17 1 1400
1 18 1 930
1 19 1 520
1 20 1 650
1 1 1 780
1 2 1 1600
1 3 1 860
1 4 1 1220
1 5 1 970
1 6 1 530
1 7 1 1300
1 8 1 880
1 9 1 1240
1 10 1 780
1 11 1 600
1 12 1 800
1 13 1 850
1 14 1 620
1 15 1 1430
1 16 1 980
1 17 1 880
1 18 1 2010
1 19 1 1200
1 20 1 1190
1 1 1 1280
1 2 1 1350
1 3 1 1620
1 4 1 840
1 5 1 1350
1 6 1 1880
1 7 1 1750
1 8 1 820
1 9 1 830
1 10 1 870
1 11 1 970
1 12 1 800
1 13 1 880
1 14 1 750
1 15 1 1410
1 16 1 1210
1 17 1 1110
1 18 1 1420
1 19 1 1170
1 20 1 630
1 1 1 980
1 2 1 3450
1 3 1 740
1 4 1 790
1 5 1 800
1 6 1 720
1 7 1 960
1 8 1 780
1 9 1 750
1 10 1 1090
1 11 1 1550
1 12 1 940
1 13 1 1030
1 14 1 2290
1 15 1 690
1 16 1 1140
1 17 1 2640
1 18 1 1110
1 19 1 1060
1 20 1 1380
1 1 1 820
1 2 1 720
1 3 1 860
1 4 1 1140
1 5 1 430
1 6 1 950
1 7 1 1090
1 8 1 1180
1 9 1 1030
1 10 1 590
1 11 1 1050
1 12 1 1180
1 13 1 560
1 14 1 840
1 15 1 1370
1 16 1 1070
1 17 1 1670
1 18 1 730
1 19 1 1490
1 20 1 570
1 1 1 1170
1 2 1 1880
1 3 1 1140
1 4 1 530
1 5 1 800
1 6 1 730
1 7 1 2370
1 8 1 530
1 9 1 890
1 10 1 1210
1 11 1 1080
1 12 1 1220
1 13 1 1580
1 14 1 430
1 15 1 1720
1 16 1 1950
1 17 1 770
1 18 1 1050
1 19 1 850
1 20 1 1200
1 1 1 720
1 2 1 1140
1 3 1 1710
1 4 1 2200
1 5 1 630
1 6 1 850
1 7 1 640
1 8 1 930
1 9 1 1250
1 10 1 780
1 11 1 1300
1 12 1 700
1 13 1 1240
1 14 1 990
1 15 1 1980
1 16 1 1280
1 17 1 1690
1 18 1 960
1 19 1 1510
1 20 1 1440
1 1 1 1050
1 2 1 1290
1 3 1 590
1 4 1 980
1 5 1 930
1 6 1 1030
1 7 1 630
1 8 1 690
1 9 1 740
1 10 1 350
1 11 1 510
1 12 1 730
1 13 1 450
1 14 1 540
1 15 1 1120
1 16 1 1520
1 17 1 1040
1 18 1 990
1 19 1 850
1 20 1 1580
1 1 1 690
1 2 1 1910
1 3 1 980
1 4 1 990
1 5 1 1260
1 6 1 850
1 7 1 1190
1 8 1 910
1 9 1 630
1 10 1 1820
1 11 1 1450
1 12 1 2560
1 13 1 1210
1 14 1 1840
1 15 1 630
1 16 1 1390
1 17 1 1470
1 18 1 780
1 19 1 1670
1 20 1 700
1 1 1 1040
1 2 1 1390
1 3 1 1160
1 4 1 890
1 5 1 650
1 6 1 1000
1 7 1 280
1 8 1 800
1 9 1 640
1 10 1 1670
1 11 1 1250
1 12 1 880
1 13 1 1090
1 14 1 1970
1 15 1 650
1 16 1 600
1 17 1 620
1 18 1 770
1 19 1 770
1 20 1 410
1 1 1 790
1 2 1 660
1 3 1 1080
1 4 1 310
1 5 1 850
1 6 1 1490
1 7 1 1880
1 8 1 950
1 9 1 890
1 10 1 980
1 11 1 1330
1 12 1 930
1 13 1 660
1 14 1 630
1 15 1 570
1 16 1 1070
1 17 1 650
1 18 1 1030
1 19 1 660
1 20 1 1210
1 1 1 520
1 2 1 970
1 3 1 810
1 4 1 1160
1 5 1 1340
1 6 1 720
1 7 1 1160
1 8 1 810
1 9 1 670
1 10 1 650
1 11 1 900
1 12 1 2080
1 13 1 1020
1 14 1 940
1 15 1 1470
1 16 1 810
1 17 1 1160
1 18 1 860
1 19 1 1200
1 20 1 760
1 1 1 1190
1 2 1 1410
1 3 1 1510
1 4 1 1130
1 5 1 1520
1 6 1 950
1 7 1 940
1 8 1 1510
1 9 1 590
1 10 1 580
1 11 1 790
1 12 1 1260
1 13 1 1110
1 14 1 2030
1 15 1 1520
1 16 1 1400
1 17 1 560
1 18 1 610
1 19 1 450
1 20 1 810
1 1 1 1680
1 2 1 1010
1 3 1 2130
1 4 1 500
1 5 1 650
1 6 1 1080
1 7 1 350
1 8 1 550
1 9 1 1810
1 10 1 630
1 11 1 590
1 12 1 730
1 13 1 640
1 14 1 2040
1 15 1 1690
1 16 1 590
1 17 1 1510
1 18 1 840
1 19 1 1100
1 20 1 870
1 1 1 470
1 2 1 990
1 3 1 1450
1 4 1 1050
1 5 1 1460
1 6 1 930
1 7 1 790
1 8 1 1090
1 9 1 990
1 10 1 1710
1 11 1 640
1 12 1 970
1 13 1 1320
1 14 1 1590
1 15 1 510
1 16 1 1050
1 17 1 500
1 18 1 740
1 19 1 1090
1 20 1 590
1 1 1 660
1 2 1 1320
1 3 1 1050
1 4 1 760
1 5 1 840
1 6 1 1420
1 7 1 350
1 8 1 1280
1 9 1 1490
1 10 1 2100
1 11 1 1120
1 12 1 1280
1 13 1 1460
1 14 1 820
1 15 1 1670
1 16 1 1310
1 17 1 950
1 18 1 410
1 19 1 690
1 20 1 1940
1 1 1 1010
1 2 1 1320
1 3 1 910
1 4 1 590
1 5 1 840
1 6 1 830
1 7 1 880
1 8 1 1060
1 9 1 880
1 10 1 880
1 11 1 1520
1 12 1 1490
1 13 1 890
1 14 1 1250
1 15 1 950
1 16 1 1530
1 17 1 1440
1 18 1 860
1 19 1 790
1 20 1 570
1 1 1 1170
1 2 1 990
1 3 1 860
1 4 1 1040
1 5 1 1100
1 6 1 2150
1 7 1 870
1 8 1 1690
1 9 1 950
1 10 1 1560
1 11 1 1150
1 12 1 1790
1 13 1 560
1 14 1 1020
1 15 1 820
1 16 1 1170
1 17 1 1040
1 18 1 1260
1 19 1 1150
1 20 1 1090
1 1 1 590
1 2 1 1100
1 3 1 730
1 4 1 1350
1 5 1 460
1 6 1 970
1 7 1 1510
1 8 1 1030
1 9 1 530
1 10 1 1040
1 11 1 720
1 12 1 690
1 13 1 1140
1 14 1 750
1 15 1 1900
1 16 1 820
1 17 1 1050
1 18 1 820
1 19 1 1160
1 20 1 480
1 1 1 2610
1 2 1 1460
1 3 1 250
1 4 1 760
1 5 1 840
1 6 1 1270
1 7 1 660
1 8 1 950
1 9 1 540
1 10 1 740
1 11 1 1680
1 12 1 780
1 13 1 670
1 14 1 920
1 15 1 1280
1 16 1 1030
1 17 1 870
1 18 1 540
1 19 1 1220
1 20 1 1500
1 1 1 1110
1 2 1 2020
1 3 1 1260
1 4 1 830
1 5 1 1280
1 6 1 1000
1 7 1 1460
1 8 1 760
1 9 1 960
1 10 1 780
1 11 1 1080
1 12 1 1300
1 13 1 650
1 14 1 1730
1 15 1 800
1 16 1 1330
1 17 1 830
1 18 1 390
1 19 1 710
1 20 1 530
1 1 1 700
1 2 1 1410
1 3 1 580
1 4 1 1390
1 5 1 720
1 6 1 820
1 7 1 890
1 8 1 1220
1 9 1 1440
1 10 1 820
1 11 1 960
1 12 1 1620
1 13 1 720
1 14 1 980
1 15 1 1030
1 16 1 780
1 17 1 580
1 18 1 1850
1 19 1 660
1 20 1 510
1 1 1 660
1 2 1 800
1 3 1 900
1 4 1 1090
1 5 1 870
1 6 1 1010
1 7 1 480
1 8 1 1390
1 9 1 460
1 10 1 600
1 11 1 910
1 12 1 660
1 13 1 1360
1 14 1 620
1 15 1 1820
1 16 1 1170
1 17 1 1620
1 18 1 1470
1 19 1 910
1 20 1 2120
1 1 1 1370
1 2 1 250
1 3 1 860
1 4 1 1530
1 5 1 1830
1 6 1 940
1 7 1 810
1 8 1 960
1 9 1 1000
1 10 1 860
1 11 1 1150
1 12 1 800
1 13 1 660
1 14 1 670
1 15 1 490
1 16 1 1600
1 17 1 1570
1 18 1 790
1 19 1 1140
1 20 1 410
1 1 1 1060
1 2 1 550
1 3 1 720
1 4 1 960
1 5 1 960
1 6 1 2130
1 7 1 690
1 8 1 890
1 9 1 710
1 10 1 1010
1 11 1 520
1 12 1 1830
1 13 1 560
1 14 1 1020
1 15 1 560
1 16 1 1010
1 17 1 550
1 18 1 1200
1 19 1 830
1 20 1 730
1 1 1 1790
1 2 1 1060
1 3 1 680
1 4 1 950
1 5 1 1290
1 6 1 710
1 7 1 440
1 8 1 720
1 9 1 1790
1 10 1 1240
1 11 1 670
1 12 1 810
1 13 1 660
1 14 1 1140
1 15 1 1040
1 16 1 980
1 17 1 2760
1 18 1 1240
1 19 1 580
1 20 1 1070
1 1 1 1410
1 2 1 2100
1 3 1 1410
1 4 1 1250
1 5 1 660
1 6 1 480
1 7 1 960
1 8 1 790
1 9 1 820
1 10 1 1310
1 11 1 1710
1 12 1 980
1 13 1 1090
1 14 1 990
1 15 1 250
1 16 1 230
1 17 1 810
1 18 1 1020
1 19 1 920
1 20 1 830
1 1 1 1180
1 2 1 1270
1 3 1 980
1 4 1 1280
1 5 1 730
1 6 1 900
1 7 1 740
1 8 1 780
1 9 1 1270
1 10 1 1110
1 11 1 1250
1 12 1 510
1 13 1 940
1 14 1 280
1 15 1 1030
1 16 1 1730
1 17 1 790
1 18 1 630
1 19 1 1370
1 20 1 820
1 1 1 690
1 2 1 1970
1 3 1 890
1 4 1 1010
1 5 1 590
1 6 1 720
1 7 1 1010
1 8 1 1240
1 9 1 1220
1 10 1 740
1 11 1 980
1 12 1 1340
1 13 1 1510
1 14 1 1030
1 15 1 680
1 16 1 860
1 17 1 740
1 18 1 850
1 19 1 740
1 20 1 670
1 1 1 1490
1 2 1 930
1 3 1 1100
1 4 1 1160
1 5 1 1760
1 6 1 900
1 7 1 940
1 8 1 600
1 9 1 970
1 10 1 1240
1 11 1 1170
1 12 1 940
1 13 1 980
1 14 1 610
1 15 1 460
1 16 1 1090
1 17 1 820
1 18 1 770
1 19 1 230
1 20 1 930
1 1 1 420
1 2 1 800
1 3 1 1100
1 4 1 420
1 5 1 1600
1 6 1 1610
1 7 1 820
1 8 1 830
1 9 1 440
1 10 1 590
1 11 1 1200
1 12 1 1310
1 13 1 660
1 14 1 580
1 15 1 450
1 16 1 1390
1 17 1 640
1 18 1 1920
1 19 1 550
1 20 1 1050
1 1 1 1130
1 2 1 740
1 3 1 1150
1 4 1 1470
1 5 1 450
1 6 1 1550
1 7 1 930
1 8 1 1080
1 9 1 520
1 10 1 710
1 11 1 680
1 12 1 930
1 13 1 380
1 14 1 1940
1 15 1 840
1 16 1 860
1 17 1 920
1 18 1 570
1 19 1 720
1 20 1 2310
1 1 1 1050
1 2 1 770
1 3 1 410
1 4 1 1320
1 5 1 620
1 6 1 1400
1 7 1 600
1 8 1 630
1 9 1 1780
1 10 1 1430
1 11 1 590
1 12 1 860
1 13 1 1480
1 14 1 980
1 15 1 870
1 16 1 680
1 17 1 1620
1 18 1 1010
1 19 1 980
1 20 1 780
1 1 1 320
1 2 1 510
1 3 1 1110
1 4 1 1140
1 5 1 1450
1 6 1 1110
1 7 1 1340
1 8 1 500
1 9 1 850
1 10 1 790
1 11 1 960
1 12 1 1320
1 13 1 1050
1 14 1 770
1 15 1 740
1 16 1 1710
1 17 1 1060
1 18 1 1750
1 19 1 840
1 20 1 1200
1 1 1 620
1 2 1 750
1 3 1 1030
1 4 1 1520
1 5 1 1340
1 6 1 690
1 7 1 1220
1 8 1 590
1 9 1 1010
1 10 1 1290
1 11 1 1360
1 12 1 1010
1 13 1 690
1 14 1 1310
1 15 1 1010
1 16 1 780
1 17 1 1500
1 18 1 840
1 19 1 1000
1 20 1 410
1 1 1 440
1 2 1 2520
1 3 1 660
1 4 1 960
1 5 1 680
1 6 1 990
1 7 1 580
1 8 1 1170
1 9 1 930
1 10 1 280
1 11 1 800
1 12 1 860
1 13 1 1330
1 14 1 1850
1 15 1 830
1 16 1 1720
1 17 1 1560
1 18 1 690
1 19 1 1220
1 20 1 730
1 1 1 1100
1 2 1 880
1 3 1 1600
1 4 1 1000
1 5 1 1210
1 6 1 1040
1 7 1 460
1 8 1 1270
1 9 1 1840
1 10 1 1030
1 11 1 1310
1 12 1 1060
1 13 1 680
1 14 1 800
1 15 1 1080
1 16 1 770
1 17 1 1360
1 18 1 1010
1 19 1 1520
1 20 1 1100
1 1 1 1320
1 2 1 1030
1 3 1 1360
1 4 1 560
1 5 1 1160
1 6 1 1550
1 7 1 1330
1 8 1 610
1 9 1 490
1 10 1 1070
1 11 1 1540
1 12 1 880
1 13 1 2170
1 14 1 700
1 15 1 2230
1 16 1 1700
1 17 1 800
1 18 1 740
1 19 1 1320
1 20 1 610
1 1 1 1510
1 2 1 1180
1 3 1 790
1 4 1 2500
1 5 1 910
1 6 1 790
1 7 1 1900
1 8 1 1200
1 9 1 1690
1 10 1 1140
1 11 1 1230
1 12 1 570
1 13 1 720
1 14 1 830
1 15 1 1180
1 16 1 1070
1 17 1 1170
1 18 1 720
1 19 1 1250
1 20 1 1930
1 1 1 1430
1 2 1 480
1 3 1 1530
1 4 1 1190
1 5 1 2430
1 6 1 680
1 7 1 750
1 8 1 700
1 9 1 1010
1 10 1 960
1 11 1 790
1 12 1 950
1 13 1 790
1 14 1 690
1 15 1 990
1 16 1 1410
1 17 1 2060
1 18 1 1860
1 19 1 740
1 20 1 740
1 1 1 760
1 2 1 460
1 3 1 1020
1 4 1 1480
1 5 1 1490
1 6 1 990
1 7 1 1600
1 8 1 1420
1 9 1 1040
1 10 1 550
1 11 1 660
1 12 1 1220
1 13 1 730
1 14 1 1330
1 15 1 1070
1 16 1 1120
1 17 1 840
1 18 1 1330
1 19 1 620
1 20 1 1340
1 1 1 1390
1 2 1 1430
1 3 1 2050
1 4 1 930
1 5 1 860
1 6 1 610
1 7 1 1530
1 8 1 880
1 9 1 700
1 10 1 470
1 11 1 730
1 12 1 580
1 13 1 970
1 14 1 940
1 15 1 1550
1 16 1 1280
1 17 1 740
1 18 1 880
1 19 1 1500
1 20 1 1650
1 1 1 1580
1 2 1 560
1 3 1 820
1 4 1 1260
1 5 1 1600
1 6 1 880
1 7 1 1360
1 8 1 1320
1 9 1 1270
1 10 1 1020
1 11 1 930
1 12 1 580
1 13 1 560
1 14 1 660
1 15 1 1660
1 16 1 1200
1 17 1 790
1 18 1 940
1 19 1 530
1 20 1 790
1 1 1 1370
1 2 1 930
1 3 1 1490
1 4 1 1230
1 5 1 860
1 6 1 610
1 7 1 1200
1 8 1 1710
1 9 1 690
1 10 1 1500
1 11 1 960
1 12 1 1110
1 13 1 870
1 14 1 380
1 15 1 600
1 16 1 2830
1 17 1 1040
1 18 1 370
1 19 1 730
1 20 1 480
1 1 1 840
1 2 1 1510
1 3 1 1290
1 4 1 2030
1 5 1 880
1 6 1 1100
1 7 1 1790
1 8 1 1190
1 9 1 1490
1 10 1 540
1 11 1 1470
1 12 1 840
1 13 1 860
1 14 1 2020
1 15 1 2120
1 16 1 750
1 17 1 1100
1 18 1 1420
1 19 1 420
1 20 1 1110
1 1 1 800
1 2 1 760
1 3 1 650
1 4 1 610
1 5 1 1640
1 6 1 410
1 7 1 620
1 8 1 500
1 9 1 800
1 10 1 2380
1 11 1 1170
1 12 1 990
1 13 1 850
1 14 1 650
1 15 1 1360
1 16 1 1240
1 17 1 1230
1 18 1 990
1 19 1 1180
1 20 1 920
1 1 1 500
1 2 1 590
1 3 1 470
1 4 1 710
1 5 1 1000
1 6 1 1410
1 7 1 720
1 8 1 1390
1 9 1 930
1 10 1 1590
1 11 1 810
1 12 1 1300
1 13 1 1240
1 14 1 1770
1 15 1 520
1 16 1 1130
1 17 1 1490
1 18 1 570
1 19 1 1110
1 20 1 1540
1 1 1 1380
1 2 1 280
1 3 1 1130
1 4 1 1360
1 5 1 840
1 6 1 1510
1 7 1 680
1 8 1 1520
1 9 1 1280
1 10 1 590
1 11 1 930
1 12 1 1210
1 13 1 790
1 14 1 880
1 15 1 400
1 16 1 970
1 17 1 1070
1 18 1 970
1 19 1 1410
1 20 1 900
1 1 1 640
1 2 1 1490
1 3 1 1280
1 4 1 580
1 5 1 1070
1 6 1 380
1 7 1 1080
1 8 1 1340
1 9 1 1130
1 10 1 890
1 11 1 940
1 12 1 1450
1 13 1 1130
1 14 1 1330
1 15 1 930
1 16 1 480
1 17 1 1140
1 18 1 350
1 19 1 790
1 20 1 1720
1 1 1 1190
1 2 1 930
1 3 1 1770
1 4 1 1830
1 5 1 780
1 6 1 670
1 7 1 960
1 8 1 1120
1 9 1 3600
1 10 1 600
1 11 1 1100
1 12 1 1300
1 13 1 2950
1 14 1 1400
1 15 1 630
1 16 1 1740
1 17 1 780
1 18 1 830
1 19 1 550
1 20 1 580
1 1 1 1110
1 2 1 950
1 3 1 710
1 4 1 1160
1 5 1 990
1 6 1 910
1 7 1 1040
1 8 1 810
1 9 1 450
1 10 1 1190
1 11 1 890
1 12 1 1140
1 13 1 1810
1 14 1 1730
1 15 1 1550
1 16 1 1770
1 17 1 870
1 18 1 1230
1 19 1 460
1 20 1 640
1 1 1 730
1 2 1 1500
1 3 1 1170
1 4 1 690
1 5 1 2370
1 6 1 560
1 7 1 530
1 8 1 870
1 9 1 1020
1 10 1 1450
1 11 1 850
1 12 1 1350
1 13 1 980
1 14 1 1800
1 15 1 1330
1 16 1 1090
1 17 1 680
1 18 1 650
1 19 1 720
1 20 1 1220
1 1 1 1260
1 2 1 1260
1 3 1 1340
1 4 1 820
1 5 1 870
1 6 1 1370
1 7 1 750
1 8 1 1100
1 9 1 2210
1 10 1 610
1 11 1 940
1 12 1 630
1 13 1 1020
1 14 1 710
1 15 1 1270
1 16 1 1370
1 17 1 1470
1 18 1 1410
1 19 1 1070
1 20 1 640
1 1 1 1630
1 2 1 1170
1 3 1 470
1 4 1 1010
1 5 1 1270
1 6 1 610
1 7 1 2000
1 8 1 1330
1 9 1 1160
1 10 1 1580
1 11 1 1810
1 12 1 2620
1 13 1 1080
1 14 1 350
1 15 1 1630
1 16 1 1100
1 17 1 1150
1 18 1 620
1 19 1 730
1 20 1 1440
1 1 1 1340
1 2 1 350
1 3 1 1780
1 4 1 1090
1 5 1 930
1 6 1 1700
1 7 1 1010
1 8 1 920
1 9 1 1560
1 10 1 2060
1 11 1 820
1 12 1 950
1 13 1 840
1 14 1 1270
1 15 1 1370
1 16 1 510
1 17 1 860
1 18 1 910
1 19 1 1970
1 20 1 1100
1 1 1 1900
1 2 1 1370
1 3 1 970
1 4 1 1120
1 5 1 630
1 6 1 960
1 7 1 510
1 8 1 580
1 9 1 910
1 10 1 1690
1 11 1 720
1 12 1 2090
1 13 1 1870
1 14 1 1090
1 15 1 970
1 16 1 650
1 17 1 790
1 18 1 590
1 19 1 1400
1 20 1 1350
1 1 1 1800
1 2 1 710
1 3 1 640
1 4 1 820
1 5 1 650
1 6 1 1830
1 7 1 900
1 8 1 1170
1 9 1 830
1 10 1 610
1 11 1 1430
1 12 1 1140
1 13 1 720
1 14 1 1260
1 15 1 1520
1 16 1 620
1 17 1 830
1 18 1 570
1 19 1 830
1 20 1 580
1 1 1 700
1 2 1 1520
1 3 1 1320
1 4 1 610
1 5 1 620
1 6 1 740
1 7 1 640
1 8 1 1240
1 9 1 1140
1 10 1 1280
1 11 1 1360
1 12 1 780
1 13 1 360
1 14 1 1730
1 15 1 1240
1 16 1 1670
1 17 1 1280
1 18 1 1080
1 19 1 1190
1 20 1 600
1 1 1 1230
1 2 1 1660
1 3 1 1500
1 4 1 620
1 5 1 1950
1 6 1 1210
1 7 1 1670
1 8 1 920
1 9 1 730
1 10 1 1000
1 11 1 920
1 12 1 1330
1 13 1 1230
1 14 1 410
1 15 1 800
1 16 1 1030
1 17 1 580
1 18 1 960
1 19 1 860
1 20 1 960
1 1 1 410
1 2 1 2260
1 3 1 1530
1 4 1 1200
1 5 1 2110
1 6 1 1580
1 7 1 1070
1 8 1 650
1 9 1 1760
1 10 1 1560
1 11 1 1520
1 12 1 680
1 13 1 1290
1 14 1 1830
1 15 1 350
1 16 1 1110
1 17 1 320
1 18 1 1280
1 19 1 1480
1 20 1 1640
1 1 1 560
1 2 1 970
1 3 1 710
1 4 1 720
1 5 1 1270
1 6 1 1300
1 7 1 400
1 8 1 1150
1 9 1 960
1 10 1 520
1 11 1 600
1 12 1 1430
1 13 1 1170
1 14 1 510
1 15 1 540
1 16 1 390
1 17 1 940
1 18 1 830
1 19 1 1420
1 20 1 340
1 1 1 1340
1 2 1 650
1 3 1 800
1 4 1 460
1 5 1 790
1 6 1 940
1 7 1 450
1 8 1 1240
1 9 1 1110
1 10 1 960
1 11 1 430
1 12 1 1070
1 13 1 920
1 14 1 980
1 15 1 1180
1 16 1 550
1 17 1 1120
1 18 1 1280
1 19 1 1150
1 20 1 1620
1 1 1 550
1 2 1 930
1 3 1 830
1 4 1 390
1 5 1 1200
1 6 1 750
1 7 1 610
1 8 1 1260
1 9 1 1420
1 10 1 2100
1 11 1 1100
1 12 1 1190
1 13 1 1090
1 14 1 980
1 15 1 1520
1 16 1 980
1 17 1 1090
1 18 1 790
1 19 1 1980
1 20 1 1170
1 1 1 770
1 2 1 860
1 3 1 940
1 4 1 880
1 5 1 860
1 6 1 810
1 7 1 830
1 8 1 1300
1 9 1 460
1 10 1 1720
1 11 1 940
1 12 1 950
1 13 1 1250
1 14 1 720
1 15 1 640
1 16 1 460
1 17 1 780
1 18 1 1220
1 19 1 1020
1 20 1 890
1 1 1 710
1 2 1 620
1 3 1 660
1 4 1 1170
1 5 1 2720
1 6 1 570
1 7 1 1280
1 8 1 1350
1 9 1 4380
1 10 1 1200
1 11 1 1450
1 12 1 1600
1 13 1 840
1 14 1 390
1 15 1 600
1 16 1 630
1 17 1 1170
1 18 1 1210
1 19 1 1040
1 20 1 1650
1 1 1 1080
1 2 1 580
1 3 1 1500
1 4 1 1000
1 5 1 690
1 6 1 1710
1 7 1 900
1 8 1 500
1 9 1 760
1 10 1 940
1 11 1 550
1 12 1 630
1 13 1 690
1 14 1 780
1 15 1 1390
1 16 1 1580
1 17 1 1930
1 18 1 910
1 19 1 980
1 20 1 1500
1 1 1 620
1 2 1 570
1 3 1 1600
1 4 1 800
1 5 1 1160
1 6 1 1060
1 7 1 1170
1 8 1 470
1 9 1 1060
1 10 1 880
1 11 1 760
1 12 1 720
1 13 1 740
1 14 1 490
1 15 1 1190
1 16 1 820
1 17 1 1390
1 18 1 520
1 19 1 1450
1 20 1 1410
1 1 1 1490
1 2 1 420
1 3 1 500
1 4 1 890
1 5 1 320
1 6 1 2570
1 7 1 1070
1 8 1 1400
1 9 1 1610
1 10 1 890
1 11 1 880
1 12 1 1790
1 13 1 1760
1 14 1 850
1 15 1 1270
1 16 1 1230
1 17 1 810
1 18 1 840
1 19 1 450
1 20 1 840
1 1 1 1510
1 2 1 1490
1 3 1 1570
1 4 1 1800
1 5 1 750
1 6 1 1410
1 7 1 930
1 8 1 630
1 9 1 2170
1 10 1 610
1 11 1 770
1 12 1 530
1 13 1 1010
1 14 1 1010
1 15 1 1100
1 16 1 710
1 17 1 1860
1 18 1 1040
1 19 1 1230
1 20 1 670
1 1 1 1140
1 2 1 1060
1 3 1 1480
1 4 1 880
1 5 1 800
1 6 1 1410
1 7 1 520
1 8 1 2920
1 9 1 1450
1 10 1 1160
1 11 1 550
1 12 1 1950
1 13 1 1620
1 14 1 950
1 15 1 1830
1 16 1 700
1 17 1 1090
1 18 1 920
1 19 1 700
1 20 1 720
1 1 1 1310
1 2 1 1310
1 3 1 980
1 4 1 770
1 5 1 420
1 6 1 450
1 7 1 480
1 8 1 750
1 9 1 1310
1 10 1 710
1 11 1 500
1 12 1 670
1 13 1 970
1 14 1 530
1 15 1 700
1 16 1 770
1 17 1 1700
1 18 1 1110
1 19 1 990
1 20 1 470
1 1 1 550
1 2 1 730
1 3 1 650
1 4 1 1170
1 5 1 2040
1 6 1 1350
1 7 1 1350
1 8 1 1510
1 9 1 340
1 10 1 480
1 11 1 1070
1 12 1 1130
1 13 1 770
1 14 1 340
1 15 1 1870
1 16 1 860
1 17 1 1730
1 18 1 790
1 19 1 510
1 20 1 1080
1 1 1 1010
1 2 1 970
1 3 1 980
1 4 1 1630
1 5 1 670
1 6 1 1020
1 7 1 2350
1 8 1 1080
1 9 1 1390
1 10 1 680
1 11 1 660
1 12 1 1020
1 13 1 480
1 14 1 1250
1 15 1 2220
1 16 1 570
1 17 1 1170
1 18 1 790
1 19 1 890
1 20 1 800
1 1 1 1090
1 2 1 720
1 3 1 960
1 4 1 840
1 5 1 1400
1 6 1 980
1 7 1 580
1 8 1 1460
1 9 1 620
1 10 1 480
1 11 1 1800
1 12 1 1300
1 13 1 980
1 14 1 1190
1 15 1 910
1 16 1 980
1 17 1 1410
1 18 1 1880
1 19 1 1110
1 20 1 760
1 1 1 1320
1 2 1 500
2 1 0 980
2 2 0 2010
2 3 0 2200
2 4 0 1790
2 5 0 1290
2 6 0 2240
2 7 0 3070
2 8 0 1320
2 9 0 1090
2 10 0 1970
2 11 0 2270
2 12 1 2280
2 13 1 1500
2 14 1 1260
2 15 1 1550
2 16 1 1600
2 17 1 2240
2 18 1 1640
2 19 1 1320
2 20 1 1250
2 1 1 1440
2 2 1 1320
2 3 1 1010
2 4 1 970
2 5 1 1500
2 6 1 1620
2 7 1 1370
2 8 1 1480
2 9 1 1120
2 10 1 2200
2 11 1 1770
2 12 1 2590
2 13 1 2460
2 14 1 580
2 15 1 1020
2 16 1 1670
2 17 1 1210
2 18 1 840
2 19 1 1430
2 20 1 570
2 1 1 1790
2 2 1 910
2 3 1 2060
2 4 1 1140
2 5 1 1310
2 6 1 1590
2 7 1 1020
2 8 1 1480
2 9 1 800
2 10 1 1630
2 11 1 840
2 12 1 2370
2 13 1 1980
2 14 1 1110
2 15 1 2300
2 16 1 2340
2 17 1 1410
2 18 1 1190
2 19 1 1540
2 20 1 1630
2 1 1 2450
2 2 1 1620
2 3 1 850
2 4 1 1380
2 5 1 1560
2 6 1 2190
2 7 1 1480
2 8 1 1610
2 9 1 1220
2 10 1 1190
2 11 1 1430
2 12 1 1240
2 13 1 1230
2 14 1 1300
2 15 1 1320
2 16 1 610
2 17 1 1040
2 18 1 1520
2 19 1 860
2 20 1 1250
2 1 1 2140
2 2 1 1240
2 3 2 2240
2 4 2 850
2 5 2 470
2 6 2 1200
2 7 2 1130
2 8 2 670
2 9 2 610
2 10 2 590
2 11 2 920
2 12 2 1280
2 13 2 1310
2 14 2 800
2 15 2 880
2 16 2 550
2 17 2 1190
2 18 2 1620
2 19 2 810
2 20 2 810
2 1 2 1450
2 2 2 560
2 3 2 870
2 4 2 1010
2 5 2 1040
2 6 2 490
2 7 2 1280
2 8 2 730
2 9 2 1430
2 10 2 880
2 11 2 510
2 12 2 870
2 13 2 600
2 14 2 450
2 15 2 770
2 16 2 400
2 17 2 450
2 18 2 500
2 19 2 650
2 20 2 1330
2 1 2 850
2 2 2 530
2 3 2 970
2 4 2 1060
2 5 2 600
2 6 2 780
2 7 2 1270
2 8 2 680
2 9 2 810
2 10 2 490
2 11 2 770
2 12 2 700
2 13 2 760
2 14 2 1010
2 15 2 1030
2 16 2 750
2 17 2 1070
2 18 2 560
2 19 2 730
2 20 2 910
2 1 2 420
2 2 2 1230
2 3 2 1000
2 4 2 1330
2 5 2 910
2 6 2 1650
2 7 2 1550
2 8 2 2730
2 9 2 1470
2 10 2 850
2 11 2 1020
2 12 2 790
2 13 2 430
2 14 2 1570
2 15 2 1570
2 16 2 600
2 17 2 760
2 18 2 690
2 19 2 570
2 20 2 1270
2 1 2 370
2 2 2 1000
2 3 2 600
2 4 2 2830
2 5 2 660
2 6 2 880
2 7 2 720
2 8 2 900
2 9 2 930
2 10 2 540
2 11 2 700
2 12 2 1040
2 13 2 880
2 14 2 1340
2 15 2 880
2 16 2 910
2 17 2 760
2 18 2 1780
2 19 2 1580
2 20 2 890
2 1 2 410
2 2 2 660
2 3 2 560
2 4 2 620
2 5 2 840
2 6 2 1520
2 7 2 1010
2 8 2 530
2 9 2 1270
2 10 2 500
2 11 2 490
2 12 2 590
2 13 2 1490
2 14 2 1780
2 15 2 610
2 16 2 690
2 17 2 460
2 18 2 970
2 19 2 1100
2 20 2 810
2 1 2 840
2 2 2 970
2 1 0 400
2 1 0 730
2 1 0 630
