2 1 1 4040
2 2 2 6920
2 3 2 5980
2 4 2 7680
2 5 2 9600
2 6 2 7860
2 7 2 7580
2 8 2 5420
2 9 2 7720
2 10 1 4530
2 11 2 6940
2 12 2 8600
2 13 2 6260
2 14 2 7260
2 15 2 6960
2 16 2 8060
2 17 1 4320
2 18 2 8520
2 19 2 5640
2 20 2 7680
2 1 1 8100
2 2 2 6180
2 3 2 5560
2 4 1 4340
2 5 1 4630
2 6 1 5350
2 7 2 8000
2 8 2 6360
2 9 2 7340
2 10 2 6900
2 11 2 6540
2 12 1 4030
2 13 2 7040
2 14 2 8060
2 15 2 6460
2 16 2 7800
2 17 2 8720
2 18 1 3480
2 19 2 7460
2 20 1 5120
2 1 1 9400
2 2 2 8480
2 3 2 8680
2 4 1 4870
2 5 2 7040
2 6 2 7320
2 7 2 6760
2 8 2 6940
2 9 2 6700
2 10 2 6080
2 11 2 8180
2 12 2 7820
2 13 1 3950
2 14 2 6180
2 15 1 4920
2 16 2 7900
2 17 2 7560
2 18 2 5500
2 19 2 6380
2 20 2 6820
2 1 0 4270
2 2 2 7560
2 3 2 7340
2 4 2 7360
2 5 2 9460
2 6 2 5840
2 7 1 3600
2 8 2 9920
2 9 2 6140
2 10 2 6640
2 11 2 7060
2 12 1 5010
2 13 2 8620
2 14 2 7360
2 15 2 7520
2 16 2 6040
2 17 1 4790
2 18 2 6420
2 19 2 9020
2 20 2 9280
2 1 1 9480
2 2 2 6460
2 3 2 6260
2 4 2 7040
2 5 2 7900
2 6 2 7200
2 7 2 7920
2 8 1 3860
2 9 2 6740
2 10 2 6560
2 11 2 7540
2 12 2 9260
2 13 2 7480
2 14 2 6700
2 15 2 6900
2 16 2 8240
2 17 1 4090
2 18 1 4240
2 19 2 7700
2 20 2 6080
2 1 2 10720
2 2 1 3430
2 3 1 4890
2 4 1 4990
2 5 2 7640
2 6 2 7800
2 7 2 7460
2 8 2 6160
2 9 2 8320
2 10 2 6840
2 11 2 7200
2 12 2 8820
2 13 1 5310
2 14 2 6880
2 15 1 4070
2 16 1 4540
2 17 2 7100
2 18 2 8120
2 19 1 3920
2 20 2 6240
2 1 1 6600
2 2 1 4100
2 3 2 8340
2 4 2 8040
2 5 2 6380
2 6 2 9100
2 7 1 4270
2 8 1 5250
2 9 1 6010
2 10 1 5670
2 11 1 5040
2 12 2 6780
2 13 2 7260
2 14 1 4740
2 15 2 8420
2 16 2 6960
2 17 2 7860
2 18 2 7940
2 19 1 4150
2 20 2 6100
2 1 1 8320
2 2 2 6160
2 3 1 4700
2 4 1 3010
2 5 2 8600
2 6 2 7620
2 7 1 4220
2 8 2 6340
2 9 2 7280
2 10 2 7300
2 11 2 8280
2 12 2 6740
2 13 2 7560
2 14 1 5950
2 15 1 4610
2 16 2 6460
2 17 2 6860
2 18 2 7640
2 19 1 4640
2 20 1 4400
2 1 0 4740
2 2 2 7700
2 3 2 6800
2 4 2 8960
2 5 1 4320
2 6 2 6400
2 7 1 3710
2 8 2 7380
2 9 2 7580
2 10 2 8480
2 11 2 6680
2 12 2 7200
2 13 1 5220
2 14 2 7740
2 15 1 4490
2 16 2 7520
2 17 1 4810
2 18 2 7320
2 19 2 7180
2 20 1 5030
2 1 2 10820
2 2 2 7680
2 3 2 6860
2 4 1 4720
2 5 1 4150
2 6 2 7560
2 7 2 6660
2 8 2 8760
2 9 2 5960
2 10 1 4880
2 11 2 6180
2 12 2 8100
2 13 2 8140
2 14 2 6940
2 15 1 4300
2 16 2 7980
2 17 2 7360
2 18 1 4340
2 19 1 4340
2 20 2 6640
2 1 1 8040
2 2 2 8040
2 3 1 6020
2 4 2 6140
2 5 2 9180
2 6 2 8440
2 7 2 8040
2 8 2 6140
2 9 1 5370
2 10 1 4250
2 11 1 4770
2 12 2 6360
2 13 1 4800
2 14 2 8580
2 15 2 6440
2 16 2 6840
2 17 2 7660
2 18 1 4640
2 19 1 4280
2 20 2 6800
2 1 0 5550
2 2 2 6960
2 3 1 3780
2 4 2 6420
2 5 2 9200
2 6 2 5960
2 7 2 6440
2 8 1 4400
2 9 2 8460
2 10 2 6600
2 11 2 6580
2 12 1 4410
2 13 2 6740
2 14 2 6780
2 15 2 7580
2 16 2 6160
2 17 1 4060
2 18 2 8620
2 19 2 5960
2 20 2 6020
2 1 1 8080
2 2 2 6000
2 3 2 6040
2 4 1 5760
2 5 1 5220
2 6 1 4940
2 7 2 8100
2 8 2 7800
2 9 1 4940
2 10 1 4520
2 11 2 7340
2 12 2 8180
2 13 1 3950
2 14 2 7220
2 15 2 6580
2 16 1 4950
2 17 1 4930
2 18 2 8480
2 19 2 8980
2 20 1 4310
2 1 0 1830
2 2 2 6520
2 3 1 3430
2 4 2 9060
2 5 1 6140
2 6 1 4260
2 7 2 7540
2 8 1 4080
2 9 2 7980
2 10 1 3910
2 11 1 3750
2 12 2 6620
2 13 2 7040
2 14 1 5550
2 15 2 6360
2 16 2 7200
2 17 2 7240
2 18 2 7640
2 19 2 7600
2 20 2 7600
2 1 0 4550
2 2 2 6540
2 3 2 6360
2 4 1 5720
2 5 2 6420
2 6 2 7620
2 7 2 6000
2 8 2 7220
2 9 2 7660
2 10 2 7240
2 11 1 5130
2 12 1 3690
2 13 1 3940
2 14 2 7560
2 15 2 7980
2 16 2 7140
2 17 2 9180
2 18 2 9440
2 19 1 5440
2 20 1 5550
2 1 2 11500
2 2 2 7100
2 3 2 7540
2 4 2 6780
2 5 2 6940
2 6 2 8380
2 7 2 6580
2 8 2 8800
2 9 1 3870
2 10 1 4690
2 11 2 7100
2 12 1 4340
2 13 2 7560
2 14 2 6440
2 15 2 9320
2 16 2 6740
2 17 2 9800
2 18 1 4520
2 19 2 6400
2 20 1 4870
2 1 1 8480
2 2 1 4750
2 3 2 6960
2 4 2 6780
2 5 2 7020
2 6 2 7020
2 7 2 6240
2 8 2 8000
2 9 2 6540
2 10 1 3880
2 11 2 6380
2 12 2 6880
2 13 2 5960
2 14 2 8920
2 15 2 6660
2 16 2 5660
2 17 2 7800
2 18 1 5610
2 19 2 6940
2 20 2 5760
2 1 1 8440
2 2 2 6800
2 3 1 4320
2 4 2 7740
2 5 1 5060
2 6 2 6760
2 7 2 6780
2 8 2 7040
2 9 2 6500
2 10 2 10440
2 11 2 6740
2 12 2 7860
2 13 2 6900
2 14 2 7100
2 15 1 3710
2 16 2 6280
2 17 2 6600
2 18 2 7600
2 19 1 3150
2 20 2 6980
2 1 1 6660
2 2 1 4730
2 3 1 5080
2 4 2 8320
2 5 2 7280
2 6 1 4380
2 7 1 5350
2 8 2 5560
2 9 2 7580
2 10 2 8640
2 11 2 6320
2 12 1 4640
2 13 2 8680
2 14 1 4790
2 15 2 6300
2 16 2 6420
2 17 2 6980
2 18 1 5310
2 19 2 6740
2 20 2 6060
2 1 0 5110
2 2 1 4250
2 3 2 6040
2 4 2 8240
2 5 2 6300
2 6 2 9000
2 7 2 6160
2 8 2 8120
2 9 2 7140
2 10 1 5120
2 11 2 6960
2 12 2 7080
2 13 2 5740
2 14 2 6060
2 15 2 7060
2 16 1 3420
2 17 2 7660
2 18 1 5520
2 19 2 6280
2 20 2 6860
2 1 1 4450
2 2 2 6460
2 3 2 6900
2 4 1 4550
2 5 2 5660
2 6 1 3300
2 7 2 7160
2 8 2 7560
2 9 1 4080
2 10 2 7420
2 11 1 4900
2 12 2 8200
2 13 2 6940
2 14 2 5840
2 15 1 4030
2 16 2 6980
2 17 2 6640
2 18 2 6380
2 19 2 6500
2 20 1 4490
2 1 0 4130
2 2 2 7320
2 3 2 7760
2 4 1 5530
2 5 2 8060
2 6 2 7720
2 7 2 7480
2 8 2 6100
2 9 2 7460
2 10 1 4860
2 11 1 4250
2 12 2 7660
2 13 2 7200
2 14 1 4960
2 15 2 8440
2 16 1 5050
2 17 1 4040
2 18 2 8020
2 19 2 7720
2 20 2 7040
2 1 2 6640
2 2 2 7240
2 3 2 6860
2 4 2 8600
2 5 2 5840
2 6 2 7440
2 7 2 7360
2 8 2 7460
2 9 1 4100
2 10 1 4270
2 11 2 7940
2 12 1 4670
2 13 2 6360
2 14 2 8200
2 15 2 7640
2 16 2 11340
2 17 2 7760
2 18 2 6420
2 19 2 7400
2 20 1 4050
2 1 1 4590
2 2 2 7120
2 3 2 6160
2 4 1 4750
2 5 2 8900
2 6 2 8300
2 7 2 9500
2 8 2 6140
2 9 2 7000
2 10 2 7680
2 11 1 4040
2 12 1 4960
2 13 1 4700
2 14 2 8560
2 15 1 4770
2 16 1 4710
2 17 2 7400
2 18 1 4130
2 19 2 7440
2 20 1 4730
2 1 2 11820
2 2 2 7560
2 3 2 6700
2 4 2 7680
2 5 2 7080
2 6 2 6700
2 7 1 5060
2 8 2 7560
2 9 2 7060
2 10 2 7300
2 11 1 4950
2 12 1 5830
2 13 1 5490
2 14 2 7460
2 15 1 4800
2 16 2 8280
2 17 2 7060
2 18 1 4760
2 19 2 6580
2 20 1 3970
2 1 0 4750
2 2 1 4050
2 3 2 7760
2 4 2 7220
2 5 1 4320
2 6 2 7540
2 7 2 7280
2 8 2 7560
2 9 2 8200
2 10 2 6300
2 11 1 4460
2 12 2 7980
2 13 1 4260
2 14 2 6520
2 15 1 5130
2 16 2 7520
2 17 2 6600
2 18 1 4270
2 19 1 4590
2 20 1 4430
2 1 1 7020
2 2 2 8420
2 3 2 11160
2 4 2 6380
2 5 2 7220
2 6 2 7960
2 7 1 4320
2 8 2 6560
2 9 2 6220
2 10 1 4150
2 11 1 3860
2 12 1 3630
2 13 2 7440
2 14 2 5800
2 15 2 6160
2 16 2 7520
2 17 2 7120
2 18 2 6320
2 19 2 7060
2 20 2 6360
2 1 1 3820
2 2 2 6000
2 3 2 6800
2 4 2 7140
2 5 2 6340
2 6 2 7120
2 7 1 4620
2 8 2 7900
2 9 2 6580
2 10 2 11120
2 11 2 6680
2 12 2 8120
2 13 2 6320
2 14 2 6220
2 15 1 4050
2 16 2 6260
2 17 2 6460
2 18 2 6620
2 19 2 6980
2 20 2 7380
2 1 2 11840
2 2 2 7240
2 3 2 7100
2 4 2 7920
2 5 1 4860
2 6 1 4560
2 7 1 4840
2 8 2 7000
2 9 2 6420
2 10 1 4660
2 11 2 6820
2 12 1 5200
2 13 2 6340
2 14 1 4410
2 15 2 7780
2 16 2 7460
2 17 2 6760
2 18 1 3640
2 19 2 7580
2 20 2 7000
2 1 0 4920
2 2 2 6560
2 3 2 7640
2 4 2 6760
2 5 1 3850
2 6 2 9360
2 7 2 7080
2 8 2 7900
2 9 2 7960
2 10 2 8360
2 11 2 7320
2 12 2 7060
2 13 1 4500
2 14 1 4940
2 15 2 8060
2 16 2 7060
2 17 2 7980
2 18 2 6880
2 19 2 9640
2 20 2 6160
2 1 1 8120
2 2 2 6620
2 3 1 4400
2 4 2 7100
2 5 2 7000
2 6 2 6680
2 7 2 6840
2 8 1 5020
2 9 2 7480
2 10 2 7640
2 11 1 4500
2 12 2 7680
2 13 2 7660
2 14 2 6880
2 15 2 8760
2 16 2 6860
2 17 2 8220
2 18 1 3810
2 19 2 6960
2 20 2 6980
2 1 0 5230
2 2 2 6900
2 3 1 4150
2 4 2 6980
2 5 2 6340
2 6 2 7420
2 7 2 7420
2 8 2 9140
2 9 2 6880
2 10 2 7380
2 11 2 7460
2 12 2 7060
2 13 2 6280
2 14 2 7300
2 15 1 4210
2 16 2 7580
2 17 1 5220
2 18 1 4420
2 19 2 7980
2 20 2 7300
2 1 1 9180
2 2 2 7240
2 3 0 1660
2 4 1 4630
2 5 1 3190
2 6 1 4750
2 7 0 2830
2 8 0 630
2 9 1 3110
2 10 0 1920
2 11 1 3920
2 12 0 1210
2 13 1 3700
2 14 1 4070
2 15 1 4290
2 16 1 3630
2 17 2 8260
2 18 2 7640
2 19 1 4900
2 20 2 7480
2 1 1 6440
2 2 2 6700
2 3 2 7940
2 4 2 6720
2 5 2 6660
2 6 2 7240
2 7 1 3850
2 8 1 4060
2 9 1 5000
2 10 2 6240
2 11 2 7200
2 12 1 4460
2 13 2 6200
2 14 1 4160
2 15 1 4950
2 16 2 6700
2 17 1 4170
2 18 1 5300
2 19 2 6940
2 20 2 7700
2 1 2 6760
2 2 1 4120
2 3 2 6580
2 4 2 6200
2 5 2 9220
2 6 2 6160
2 7 1 4740
2 8 2 7080
2 9 1 4540
2 10 2 7120
2 11 2 7180
2 12 2 7600
2 13 2 6220
2 14 2 6380
2 15 2 6860
2 16 1 4140
2 17 2 6140
2 18 2 7880
2 19 1 5600
2 20 2 8000
2 1 1 4870
2 2 2 6060
2 3 1 4430
2 4 2 7120
2 5 2 6080
2 6 2 7580
2 7 2 5640
2 8 2 7540
2 9 1 3720
2 10 1 5150
2 11 2 8180
2 12 2 7160
2 13 2 6400
2 14 1 4710
2 15 1 4970
2 16 1 4670
2 17 1 4730
2 18 1 4480
2 19 2 6600
2 20 1 4450
2 1 1 7020
2 2 2 5780
2 3 1 4630
2 4 2 5860
2 5 2 6720
2 6 2 5540
2 7 2 6180
2 8 2 6220
2 9 2 7440
2 10 2 9160
2 11 1 4630
2 12 2 7680
2 13 1 4750
2 14 2 6260
2 15 2 6960
2 16 1 4540
2 17 2 8160
2 18 1 4780
2 19 2 7620
2 20 2 6120
2 1 1 7980
2 2 2 6660
2 3 1 4850
2 4 2 7880
2 5 2 6300
2 6 2 8580
2 7 1 4510
2 8 2 6920
2 9 2 6960
2 10 2 7940
2 11 2 6620
2 12 1 4510
2 13 2 6760
2 14 2 7120
2 15 2 8460
2 16 2 6960
2 17 1 4930
2 18 1 5350
2 19 1 5960
2 20 1 3620
2 1 0 3850
2 2 2 9820
2 3 2 8400
2 4 2 7000
2 5 2 7120
2 6 2 7740
2 7 2 6740
2 8 2 8680
2 9 2 8700
2 10 1 4630
2 11 1 4010
2 12 1 5060
2 13 1 4480
2 14 2 7400
2 15 2 7440
2 16 2 8600
2 17 2 6380
2 18 1 4470
2 19 2 7900
2 20 2 8180
2 1 1 8180
2 2 1 4300
2 3 1 3630
2 4 2 7800
2 5 1 4430
2 6 2 6560
2 7 1 4380
2 8 2 7900
2 9 2 6140
2 10 2 6000
2 11 2 5860
2 12 2 6780
2 13 2 7560
2 14 2 7020
2 15 2 6960
2 16 2 7860
2 17 2 6920
2 18 2 6640
2 19 1 4520
2 20 2 6180
2 1 2 13620
2 2 2 7660
2 3 2 6520
2 4 2 7480
2 5 2 6000
2 6 2 6200
2 7 1 6120
2 8 2 8260
2 9 2 7060
2 10 2 8140
2 11 2 6720
2 12 1 4210
2 13 1 4880
2 14 1 4010
2 15 2 7720
2 16 2 7720
2 17 1 5150
2 18 2 8940
2 19 1 4770
2 20 2 6280
2 1 0 3390
2 2 2 7400
2 3 1 4350
2 4 2 7160
2 5 1 4530
2 6 2 7440
2 7 2 8520
2 8 2 5740
2 9 1 4810
2 10 2 7180
2 11 2 7920
2 12 2 7140
2 13 1 6520
2 14 1 4470
2 15 1 4450
2 16 2 6220
2 17 2 6360
2 18 2 7160
2 19 2 6060
2 20 1 5200
2 1 0 5000
2 2 2 6300
2 3 2 7960
2 4 2 7240
2 5 2 6740
2 6 2 8640
2 7 2 7980
2 8 2 7120
2 9 2 6740
2 10 2 11500
2 11 1 4770
2 12 2 7340
2 13 2 6040
2 14 2 8340
2 15 2 7480
2 16 2 6120
2 17 2 6560
2 18 2 10300
2 19 2 7120
2 20 2 6300
2 1 1 6780
2 2 2 6600
2 3 2 7960
2 4 2 7060
2 5 2 8220
2 6 1 5690
2 7 2 8380
2 8 1 5860
2 9 2 6160
2 10 2 8160
2 11 2 7560
2 12 2 5960
2 13 1 4410
2 14 2 7360
2 15 2 7740
2 16 1 5690
2 17 2 9260
2 18 2 6340
2 19 1 5280
2 20 2 7020
2 1 0 4060
2 2 2 6660
2 3 2 6160
2 4 1 5140
2 5 2 6540
2 6 2 8320
2 7 2 9560
2 8 1 4240
2 9 1 4300
2 10 2 5960
2 11 1 4950
2 12 1 4570
2 13 2 6880
2 14 2 6600
2 15 2 8540
2 16 1 4560
2 17 2 6560
2 18 2 7200
2 19 2 8740
2 20 2 8000
2 1 1 7320
2 2 1 3760
2 3 2 7320
2 4 2 7240
2 5 2 8880
2 6 2 7920
2 7 2 7060
2 8 2 7100
2 9 2 6800
2 10 2 7100
2 11 1 4760
2 12 2 5960
2 13 2 6620
2 14 2 6760
2 15 2 7140
2 16 2 7380
2 17 1 3930
2 18 2 7600
2 19 2 6260
2 20 1 4470
2 1 2 7180
2 2 2 7700
2 3 1 4200
2 4 2 8600
2 5 2 7020
2 6 2 8220
2 7 2 6140
2 8 2 6480
2 9 2 7680
2 10 1 4220
2 11 1 4390
2 12 2 6780
2 13 1 4640
2 14 1 5550
2 15 2 6740
2 16 2 7500
2 17 2 7540
2 18 2 6400
2 19 2 7640
2 20 1 4750
2 1 1 7940
2 2 2 6040
2 3 1 3940
2 4 2 8300
2 5 2 6320
2 6 1 4800
2 7 2 7520
2 8 1 4730
2 9 2 6740
2 10 1 4300
2 11 2 6660
2 12 2 7660
2 13 2 6360
2 14 1 4640
2 15 2 5960
2 16 1 4310
2 17 1 4320
2 18 2 8700
2 19 2 7420
2 20 1 3810
2 1 1 3840
2 2 2 6420
2 3 2 6400
2 4 1 5500
2 5 1 4930
2 6 2 7800
2 7 2 7800
2 8 1 4560
2 9 2 8040
2 10 1 4050
2 11 2 6800
2 12 1 3760
2 13 2 6660
2 14 1 4220
2 15 2 7820
2 16 2 6960
2 17 1 4130
2 18 2 7140
2 19 1 5750
2 20 2 8000
2 1 1 8200
2 2 2 7180
2 3 2 6180
2 4 1 4440
2 5 1 4690
2 6 2 7060
2 7 1 4950
2 8 2 6280
2 9 2 6920
2 10 2 7460
2 11 2 7460
2 12 2 6080
2 13 2 6520
2 14 2 6980
2 15 2 7420
2 16 2 6280
2 17 2 8200
2 18 2 7640
2 19 2 6700
2 20 2 6360
2 1 0 4320
2 2 2 6740
2 3 2 6500
2 4 2 5760
2 5 1 3620
2 6 1 5990
2 7 1 5300
2 8 1 3890
2 9 2 6680
2 10 2 5760
2 11 2 6880
2 12 1 4290
2 13 1 4190
2 14 2 7220
2 15 1 5120
2 16 2 7640
2 17 1 3610
2 18 1 4320
2 19 2 7120
2 20 2 7000
2 1 2 9800
2 2 2 8980
2 3 2 6500
2 4 2 7980
2 5 2 6780
2 6 2 6960
2 7 2 7240
2 8 2 6980
2 9 2 7340
2 10 2 6160
2 11 2 8560
2 12 1 3440
2 13 2 6080
2 14 2 8920
2 15 1 3490
2 16 2 7560
2 17 2 6280
2 18 2 6680
2 19 1 3020
2 20 2 6520
2 1 2 11120
2 2 2 7240
2 3 2 6720
2 4 2 8300
2 5 2 9200
2 6 1 4320
2 7 2 6240
2 8 2 6160
2 9 2 6480
2 10 2 8000
2 11 2 6860
2 12 2 6420
2 13 2 6740
2 14 1 4800
2 15 2 6840
2 16 1 4390
2 17 2 6540
2 18 2 7580
2 19 2 8020
2 20 2 7520
2 1 1 7000
2 2 2 7660
2 3 2 6800
2 4 2 6680
2 5 1 4470
2 6 1 5670
2 7 2 7600
2 8 2 6220
2 9 2 7940
2 10 2 8220
2 11 2 7560
2 12 2 6900
2 13 2 8220
2 14 2 7640
2 15 2 8040
2 16 1 4610
2 17 2 6540
2 18 2 7780
2 19 2 7300
2 20 2 8960
2 1 1 8080
2 2 1 4360
2 3 2 7700
2 4 2 7220
2 5 2 7780
2 6 1 3910
2 7 2 7280
2 8 2 7000
2 9 2 7960
2 10 2 7000
2 11 2 6700
2 12 2 7440
2 13 2 7260
2 14 2 6360
2 15 2 6680
2 16 2 6880
2 17 2 9160
2 18 2 8860
2 19 2 10260
2 20 2 7140
2 1 2 12960
2 2 1 4510
2 3 1 4530
2 4 2 6760
2 5 1 4530
2 6 2 10900
2 7 2 6420
2 8 2 7040
2 9 2 7320
2 10 2 9260
2 11 2 6520
2 12 2 6500
2 13 2 5760
2 14 2 7240
2 15 2 6940
2 16 2 7920
2 17 2 6820
2 18 2 8620
2 19 1 4240
2 20 2 6580
2 1 1 7160
2 2 2 7100
2 3 2 7080
2 4 2 7340
2 5 2 7740
2 6 2 8800
2 7 2 7600
2 8 2 6700
2 9 2 8200
2 10 2 6760
2 11 2 7280
2 12 2 8780
2 13 2 7360
2 14 1 3780
2 15 1 6070
2 16 2 6780
2 17 2 7520
2 18 1 3600
2 19 1 3850
2 20 1 4810
2 1 1 6120
2 2 1 5270
2 3 2 9120
2 4 1 4520
2 5 2 8940
2 6 1 3830
2 7 2 6740
2 8 1 4730
2 9 1 5820
2 10 2 6920
2 11 1 4750
2 12 2 6140
2 13 2 6920
2 14 2 8540
2 15 1 5480
2 16 2 6420
2 17 2 7760
2 18 1 4270
2 19 2 7000
2 20 2 6420
2 1 0 4710
2 2 2 6620
2 3 2 8080
2 4 1 4000
2 5 2 8480
2 6 1 3480
2 7 1 5150
2 8 1 4650
2 9 2 6080
2 10 2 9480
2 11 2 6060
2 12 2 8340
2 13 1 3990
2 14 2 8700
2 15 2 6520
2 16 2 6760
2 17 1 5140
2 18 1 3410
2 19 2 7620
2 20 1 4240
2 1 1 8840
2 2 1 4650
2 3 1 4900
2 4 2 6480
2 5 2 6820
2 6 2 7040
2 7 2 8300
2 8 1 6010
2 9 2 6280
2 10 2 7160
2 11 2 7340
2 12 2 6860
2 13 2 7300
2 14 2 5940
2 15 2 8400
2 16 2 6560
2 17 2 6700
2 18 2 7500
2 19 2 7320
2 20 2 6440
2 1 1 6500
2 2 2 7120
2 3 2 8100
2 4 2 7480
2 5 2 6980
2 6 2 5720
2 7 2 7320
2 8 2 7000
2 9 1 3990
2 10 2 7540
2 11 2 6940
2 12 2 7540
2 13 2 7740
2 14 2 7200
2 15 2 7160
2 16 1 4840
2 17 2 6280
2 18 1 4110
2 19 2 7080
2 20 2 6960
2 1 1 7500
2 2 1 5000
2 3 2 5640
2 4 0 1720
2 5 1 3180
2 6 1 2490
2 7 0 1070
2 8 1 3690
2 9 1 4780
2 10 1 3210
2 11 1 2890
2 12 1 3160
2 13 1 3380
2 14 1 3020
2 15 1 3750
2 16 1 2800
2 17 1 3550
2 18 0 1300
2 19 0 1750
2 20 1 5090
2 1 2 7380
2 2 2 6900
2 3 1 4640
2 4 2 6940
2 5 2 8280
2 6 1 5920
2 7 2 7620
2 8 1 4240
2 9 2 7660
2 10 2 6740
2 11 1 6750
2 12 2 7420
2 13 1 4050
2 14 2 7180
2 15 2 7660
2 16 2 6160
2 17 1 4050
2 18 2 5560
2 19 2 7760
2 20 2 6760
2 1 1 6240
2 2 1 4690
2 3 2 8220
2 4 2 6960
2 5 1 4860
2 6 1 4880
2 7 2 7540
2 8 2 7840
2 9 2 7260
2 10 2 8720
2 11 2 8420
2 12 1 4410
2 13 2 8620
2 14 2 7860
2 15 2 6860
2 16 2 6400
2 17 2 7760
2 18 2 8480
2 19 2 6740
2 20 2 6600
2 1 1 5820
2 2 2 7280
2 3 2 6540
2 4 1 3600
2 5 2 9980
2 6 2 6940
2 7 2 8620
2 8 2 6180
2 9 2 6860
2 10 1 4330
2 11 1 4710
2 12 2 6040
2 13 1 4030
2 14 2 9600
2 15 2 6920
2 16 2 9120
2 17 1 4660
2 18 2 7540
2 19 2 6420
2 20 1 4150
2 1 2 9780
2 2 2 7720
2 3 2 5880
2 4 2 6960
2 5 2 6160
2 6 1 4010
2 7 1 4670
2 8 2 6120
2 9 2 6920
2 10 1 4780
2 11 2 8820
2 12 2 6260
2 13 2 7900
2 14 2 7060
2 15 2 6900
2 16 2 6860
2 17 2 7880
2 18 2 7120
2 19 2 6640
2 20 2 6700
2 1 2 16900
2 2 2 8580
2 3 2 6760
2 4 1 4250
2 5 2 7520
2 6 1 4630
2 7 2 6600
2 8 2 6640
2 9 1 4880
2 10 1 4030
2 11 2 7320
2 12 2 9580
2 13 2 6460
2 14 2 6260
2 15 1 4950
2 16 2 6500
2 17 1 5740
2 18 2 8120
2 19 2 7240
2 20 2 9060
2 1 1 7860
2 2 1 5620
2 3 2 7740
2 4 2 7120
2 5 1 4990
2 6 2 6280
2 7 2 6760
2 8 2 9200
2 9 1 4750
2 10 2 7160
2 11 2 6120
2 12 2 6140
2 13 2 6140
2 14 2 8100
2 15 1 4480
2 16 1 3920
2 17 1 4950
2 18 2 8240
2 19 2 7880
2 20 2 7220
2 1 2 11060
2 2 2 7820
2 3 2 7920
2 4 2 7840
2 5 2 6200
2 6 2 7540
2 7 2 6680
2 8 2 7160
2 9 1 3610
2 10 1 5210
2 11 1 4950
2 12 2 7380
2 13 1 4440
2 14 2 6440
2 15 2 6900
2 16 2 5920
2 17 2 7480
2 18 2 6460
2 19 2 6740
2 20 1 4530
2 1 1 8600
2 2 2 8000
2 3 2 7980
2 4 1 7690
2 5 2 6660
2 6 2 6380
2 7 2 8400
2 8 2 6380
2 9 2 6940
2 10 2 7020
2 11 2 8040
2 12 2 9540
2 13 2 6020
2 14 1 4830
2 15 2 6880
2 16 1 3860
2 17 1 4000
2 18 2 6880
2 19 2 6940
2 20 2 7360
2 1 0 3760
2 2 1 4000
2 3 2 7380
2 4 1 4310
2 5 1 5290
2 6 2 5580
2 7 2 8920
2 8 2 6740
2 9 2 6200
2 10 2 7160
2 11 2 7140
2 12 2 6800
2 13 2 7960
2 14 1 5480
2 15 2 6700
2 16 2 7820
2 17 1 3870
2 18 2 7700
2 19 2 7140
2 20 1 4620
2 1 0 4490
2 2 2 6600
2 3 2 8280
2 4 2 6800
2 5 1 3750
2 6 1 6540
2 7 2 8080
2 8 1 5070
2 9 1 4140
2 10 2 7860
2 11 1 4700
2 12 2 7480
2 13 2 6440
2 14 1 4480
2 15 1 4060
2 16 1 4300
2 17 1 4950
2 18 2 8100
2 19 2 7020
2 20 1 3850
2 1 1 7040
2 2 2 5920
2 3 2 6240
2 4 1 4880
2 5 2 6580
2 6 2 6320
2 7 2 6520
2 8 2 9240
2 9 2 6340
2 10 2 7120
2 11 2 6520
2 12 2 5920
2 13 2 8200
2 14 1 5340
2 15 1 3900
2 16 1 4490
2 17 1 4620
2 18 2 8220
2 19 1 5040
2 20 2 6860
2 1 1 4790
2 2 1 2770
2 3 1 6350
2 4 1 4960
2 5 2 7940
2 6 2 8000
2 7 2 6360
2 8 2 7360
2 9 2 8140
2 10 1 4550
2 11 2 6880
2 12 2 7760
2 13 2 7380
2 14 2 7680
2 15 1 4280
2 16 2 6500
2 17 2 6200
2 18 2 8760
2 19 2 8300
2 20 2 7320
2 1 1 7540
2 2 2 8880
2 3 1 4340
2 4 2 7600
2 5 2 8760
2 6 1 4220
2 7 2 7800
2 8 1 4650
2 9 2 8280
2 10 2 7280
2 11 2 7120
2 12 2 7120
2 13 1 3500
2 14 2 8580
2 15 1 5040
2 16 2 7180
2 17 1 4550
2 18 2 8780
2 19 2 8440
2 20 2 6080
2 1 0 4610
2 2 1 4220
2 3 2 6560
2 4 2 6440
2 5 2 6600
2 6 2 8780
2 7 1 5310
2 8 2 6780
2 9 2 6560
2 10 2 6660
2 11 2 7960
2 12 2 6840
2 13 2 6220
2 14 2 7720
2 15 2 5680
2 16 2 7440
2 17 2 6740
2 18 2 6020
2 19 1 5090
2 20 1 3740
2 1 1 6380
2 2 2 7940
2 3 1 4950
2 4 2 6220
2 5 1 4900
2 6 1 3820
2 7 2 6840
2 8 2 7240
2 9 2 6920
2 10 2 6780
2 11 2 7680
2 12 2 6840
2 13 2 7700
2 14 2 7160
2 15 2 8620
2 16 2 8320
2 17 1 3520
2 18 2 9720
2 19 2 7420
2 20 2 9620
2 1 1 5840
2 2 1 4840
2 3 2 5840
2 4 1 4350
2 5 2 7780
2 6 2 8740
2 7 2 8120
2 8 2 7440
2 9 2 7140
2 10 2 6860
2 11 1 4570
2 12 2 6340
2 13 2 6580
2 14 1 4230
2 15 1 5480
2 16 2 7700
2 17 2 8180
2 18 2 9660
2 19 2 7160
2 20 2 8120
2 1 1 9380
2 2 2 8920
2 3 1 4390
2 4 2 6900
2 5 2 6800
2 6 1 4750
2 7 1 4500
2 8 2 6480
2 9 2 8040
2 10 2 7160
2 11 2 6360
2 12 2 7560
2 13 2 6840
2 14 2 6560
2 15 2 6980
2 16 2 11340
2 17 2 8600
2 18 2 6240
2 19 2 7120
2 20 2 7760
2 1 1 8700
2 2 1 6480
2 3 2 6420
2 4 2 6600
2 5 2 7480
2 6 1 4610
2 7 1 4460
2 8 2 6560
2 9 2 7820
2 10 1 4050
2 11 2 8500
2 12 1 4280
2 13 2 7260
2 14 2 6460
2 15 1 4860
2 16 2 6220
2 17 1 4420
2 18 1 4390
2 19 2 7860
2 20 2 7520
2 1 1 8320
2 2 2 9780
2 3 1 4490
2 4 2 6720
2 5 1 4700
2 6 1 5140
2 7 2 6100
2 8 1 5230
2 9 1 4120
2 10 2 7000
2 11 2 6920
2 12 2 6720
2 13 2 9880
2 14 2 6520
2 15 2 8620
2 16 2 6700
2 17 2 7380
2 18 2 8260
2 19 2 6860
2 20 1 4580
2 1 0 3470
2 2 2 6460
2 3 1 3520
2 4 2 6920
2 5 2 7520
2 6 2 7380
2 7 2 5740
2 8 2 5660
2 9 2 8440
2 10 1 5150
2 11 1 5250
2 12 1 4860
2 13 2 6280
2 14 1 4480
2 15 2 7560
2 16 1 4550
2 17 1 4300
2 18 2 6660
2 19 1 5150
2 20 2 6720
2 1 0 5120
2 2 2 7340
2 3 1 4290
2 4 2 7200
2 5 2 7720
2 6 2 8380
2 7 2 6240
2 8 2 7500
2 9 2 7100
2 10 2 7660
2 11 2 6740
2 12 2 5660
2 13 1 4760
2 14 1 4040
2 15 2 6940
2 16 2 8100
2 17 2 6400
2 18 2 7640
2 19 2 7300
2 20 2 7940
2 1 1 6540
2 2 2 8220
2 3 1 4480
2 4 2 7440
2 5 1 5030
2 6 1 4490
2 7 2 8100
2 8 1 5220
2 9 2 7820
2 10 2 7540
2 11 2 9080
2 12 2 6900
2 13 2 6280
2 14 2 8060
2 15 2 8880
2 16 2 7940
2 17 2 9560
2 18 1 4500
2 19 2 7780
2 20 1 4230
2 1 2 11600
2 2 2 6860
2 3 1 3890
2 4 2 8600
2 5 2 7520
2 6 1 3970
2 7 2 6400
2 8 2 7380
2 9 2 7580
2 10 2 7880
2 11 2 6880
2 12 2 6480
2 13 2 7580
2 14 2 7340
2 15 2 7700
2 16 2 8040
2 17 2 7540
2 18 2 6480
2 19 2 6460
2 20 2 8000
2 1 2 10980
2 2 1 6110
2 3 2 7120
2 4 2 7080
2 5 2 6880
2 6 1 5920
2 7 2 7240
2 8 1 3970
2 9 2 6660
2 10 2 7380
2 11 1 4750
2 12 1 4150
2 13 1 3990
2 14 2 8660
2 15 2 7760
2 16 1 4200
2 17 2 8660
2 18 2 6880
2 19 2 6580
2 20 2 9160
2 1 1 7880
2 2 2 9500
2 3 2 7380
2 4 2 6740
2 5 2 6920
2 6 1 3980
2 7 1 5210
2 8 1 3470
2 9 2 5960
2 10 1 5310
2 11 1 4700
2 12 2 7640
2 13 2 6300
2 14 2 6700
2 15 2 6600
2 16 2 5680
2 17 2 6960
2 18 2 7140
2 19 1 4880
2 20 1 6140
2 1 1 6320
2 2 2 6860
2 3 2 7500
2 4 2 5840
2 5 1 4920
2 6 2 6940
2 7 1 5320
2 8 2 6900
2 9 2 6680
2 10 2 6440
2 11 1 5550
2 12 1 4310
2 13 1 4220
2 14 2 7500
2 15 2 6140
2 16 1 3500
2 17 2 6420
2 18 2 6420
2 19 1 4150
2 20 2 6080
2 1 0 3680
2 2 2 7080
2 3 2 6920
2 4 1 3930
2 5 1 4920
2 6 2 5700
2 7 2 7300
2 8 1 3780
2 9 2 6600
2 10 2 6060
2 11 2 8060
2 12 1 5550
2 13 1 4540
2 14 1 4570
2 15 1 4930
2 16 1 4400
2 17 2 8080
2 18 1 3360
2 19 2 8480
2 20 2 7480
2 1 0 4410
2 2 2 6600
2 3 1 4210
2 4 2 6800
2 5 1 5010
2 6 2 7720
2 7 1 5050
2 8 2 8280
2 9 1 4750
2 10 1 5480
2 11 2 5920
2 12 2 6640
2 13 2 6980
2 14 2 6260
2 15 1 4700
2 16 2 6380
2 17 2 7140
2 18 2 7200
2 19 2 6740
2 20 2 7100
2 1 0 4900
2 2 2 6700
2 3 2 6460
2 4 2 5860
2 5 1 4520
2 6 2 6640
2 7 2 6660
2 8 2 6340
2 9 1 4550
2 10 2 10860
2 11 1 4140
2 12 2 9420
2 13 2 7520
2 14 2 6300
2 15 2 9460
2 16 2 6520
2 17 2 7280
2 18 1 4180
2 19 1 4030
2 20 2 6660
2 1 0 5720
2 2 2 6860
2 3 1 4260
2 4 1 4250
2 5 2 8000
2 6 2 5820
2 7 2 6600
2 8 2 5480
2 9 2 6360
2 10 2 7720
2 11 1 4450
2 12 2 5920
2 13 2 7440
2 14 2 5440
2 15 2 6700
2 16 2 7220
2 17 2 6520
2 18 2 6960
2 19 2 6340
2 20 2 6080
2 1 1 4170
2 2 1 5600
2 3 2 5980
2 4 2 7820
2 5 2 7300
2 6 2 7180
2 7 1 4330
2 8 2 6660
2 9 1 4400
2 10 2 6100
2 11 2 5880
2 12 2 7080
2 13 2 6680
2 14 2 9060
2 15 2 7960
2 16 2 6360
2 17 2 6200
2 18 2 8240
2 19 2 6240
2 20 2 6660
2 1 1 8580
2 2 1 4160
2 3 1 4900
2 4 1 4410
2 5 1 5350
2 6 2 7760
2 7 2 7820
2 8 1 5330
2 9 2 9540
2 10 1 4770
2 11 2 8660
2 12 2 7040
2 13 2 7480
2 14 2 6420
2 15 2 7940
2 16 2 6580
2 17 1 4350
2 18 1 4870
2 19 2 8060
2 20 2 7400
2 1 1 6900
2 2 2 6800
2 3 1 4740
2 4 2 6160
2 5 2 7740
2 6 2 7520
2 7 2 7660
2 8 1 5200
2 9 2 7200
2 10 1 3190
2 11 2 6400
2 12 2 7860
2 13 2 8460
2 14 2 6300
2 15 2 8340
2 16 2 6220
2 17 2 6320
2 18 2 7580
2 19 2 7000
2 20 2 6120
2 1 1 7740
2 2 1 4950
2 3 1 5310
2 4 1 4500
2 5 2 7800
2 6 1 4930
2 7 2 6140
2 8 2 6960
2 9 2 8600
2 10 2 6160
2 11 2 7920
2 12 2 7240
2 13 1 3810
2 14 1 5910
2 15 1 5130
2 16 2 9640
2 17 2 7240
2 18 2 7800
2 19 2 6800
2 20 1 4170
2 1 1 7040
2 2 2 8880
2 3 2 7380
2 4 2 6340
2 5 2 7000
2 6 2 6040
2 7 2 5680
2 8 2 7640
2 9 2 6780
2 10 2 7260
2 11 2 6560
2 12 2 8380
2 13 2 7860
2 14 2 5560
2 15 2 7580
2 16 2 6540
2 17 2 6260
2 18 2 9200
2 19 2 7900
2 20 2 7100
2 1 0 4270
2 2 2 6420
2 3 2 8180
2 4 1 4070
2 5 2 5780
2 6 2 6480
2 7 2 7000
2 8 2 8440
2 9 2 8420
2 10 1 5550
2 11 2 6060
2 12 2 8940
2 13 2 8020
2 14 2 7680
2 15 1 4950
2 16 2 6580
2 17 2 6700
2 18 2 6280
2 19 2 7260
2 20 2 6200
2 1 2 16480
2 2 2 7020
2 3 1 5120
2 4 1 5140
2 5 2 7060
2 6 2 7500
2 7 2 7560
2 8 2 7280
2 9 2 6700
2 10 2 6760
2 11 2 7100
2 12 1 5120
2 13 2 6340
2 14 2 6840
2 15 2 8320
2 16 2 6760
2 17 2 7220
2 18 2 6820
2 19 2 7980
2 20 2 6820
2 1 1 8120
2 2 2 11020
2 3 1 3290
2 4 2 7720
2 5 2 6600
2 6 1 4090
2 7 2 6420
2 8 2 8220
2 9 2 6420
2 10 2 6560
2 11 2 9560
2 12 2 6440
2 13 2 6860
2 14 1 4140
2 15 2 7860
2 16 2 6560
2 17 1 4200
2 18 2 7920
2 19 2 7200
2 20 2 6880
2 1 2 10940
2 2 1 4080
2 3 2 7920
2 4 2 7180
2 5 1 4540
2 6 2 8800
2 7 2 6980
2 8 2 8420
2 9 2 8260
2 10 2 8080
2 11 1 4200
2 12 2 7380
2 13 2 6920
2 14 1 4550
2 15 2 5420
2 16 1 3680
2 17 2 6920
2 18 1 3870
2 19 2 7340
2 20 2 7460
2 1 1 5130
2 2 2 6620
2 3 2 6840
2 4 2 7840
2 5 2 6520
2 6 2 7160
2 7 1 4010
2 8 2 8340
2 9 2 6100
2 10 2 8360
2 11 1 5320
2 12 1 4730
2 13 2 8980
2 14 2 7400
2 15 1 5420
2 16 2 9360
2 17 2 5840
2 18 2 9240
2 19 1 4040
2 20 2 7380
2 1 1 7160
2 2 2 8300
2 3 1 4300
2 4 2 8200
2 5 2 7520
2 6 1 5510
2 7 2 7760
2 8 2 7760
2 9 2 7460
2 10 1 4730
2 11 2 6700
2 12 2 8120
2 13 2 7960
2 14 2 9700
2 15 2 7900
2 16 2 7800
2 17 2 8440
2 18 2 7220
2 19 1 3990
2 20 2 7260
2 1 1 8820
2 2 2 8680
2 3 2 7040
2 4 2 7120
2 5 2 7280
2 6 1 4910
2 7 1 4940
2 8 2 7820
2 9 2 7340
2 10 2 6660
2 11 2 7800
2 12 2 6160
2 13 2 8540
2 14 2 7380
2 15 2 6860
2 16 2 6820
2 17 2 7160
2 18 2 7120
2 19 2 7320
2 20 1 4090
2 1 1 8340
2 2 1 4910
2 3 1 5630
2 4 2 7640
2 5 2 7040
2 6 1 4630
2 7 2 6480
2 8 2 7320
2 9 1 3770
2 10 2 7220
2 11 2 7400
2 12 1 5630
2 13 2 8460
2 14 2 7100
2 15 2 7880
2 16 2 7420
2 17 2 8080
2 18 2 7780
2 19 2 6160
2 20 2 5940
2 1 0 4150
2 2 2 7080
2 3 2 6160
2 4 1 3960
2 5 1 4340
2 6 2 7100
2 7 1 4320
2 8 2 7960
2 9 1 4730
2 10 2 6400
2 11 1 5440
2 12 2 7040
2 13 1 4950
2 14 2 8360
2 15 2 6120
2 16 2 7620
2 17 2 7960
2 18 2 6600
2 19 2 7800
2 20 1 3820
2 1 1 5940
2 2 2 6760
2 3 2 7440
2 4 2 6300
2 5 2 6580
2 6 2 7420
2 7 2 7960
2 8 2 6920
2 9 2 6620
2 10 2 6460
2 11 2 9220
2 12 1 3700
2 13 2 10920
2 14 2 6860
2 15 1 3730
2 16 2 7240
2 17 1 3750
2 18 2 6220
2 19 2 5880
2 20 2 5560
2 1 1 8360
2 2 2 7440
2 3 2 7780
2 4 2 7460
2 5 2 7500
2 6 2 7220
2 7 2 7580
2 8 1 5510
2 9 2 6980
2 10 2 8240
2 11 2 6320
2 12 2 6960
2 13 2 6700
2 14 1 4930
2 15 1 4930
2 16 1 4550
2 17 2 6920
2 18 2 6920
2 19 1 5400
2 20 2 6260
2 1 0 4900
2 2 2 8660
2 3 2 8020
2 4 2 6400
2 5 2 7140
2 6 2 7060
2 7 2 6280
2 8 1 3960
2 9 1 5430
2 10 1 4800
2 11 2 5940
2 12 2 7620
2 13 2 6300
2 14 1 5080
2 15 2 5900
2 16 1 3080
2 17 2 5780
2 18 2 7760
2 19 1 4750
2 20 1 5390
2 1 2 6120
2 2 2 6620
2 3 2 6040
2 4 1 4860
2 5 1 4870
2 6 2 8240
2 7 1 4940
2 8 2 7660
2 9 2 6300
2 10 2 7000
2 11 2 7840
2 12 1 4830
2 13 2 7480
2 14 2 6520
2 15 2 7020
2 16 2 8080
2 17 1 5700
2 18 2 8660
2 19 1 4590
2 20 1 4280
2 1 0 5080
2 2 1 4830
2 3 2 6400
2 4 2 7900
2 5 2 7020
2 6 1 4570
2 7 2 7340
2 8 2 9060
2 9 2 5640
2 10 1 4790
2 11 2 6840
2 12 2 6740
2 13 1 3630
2 14 1 3310
2 15 2 7100
2 16 2 6660
2 17 2 8120
2 18 2 7180
2 19 1 5430
2 20 2 7340
2 1 1 8780
2 2 2 9460
2 3 2 8600
2 4 2 6220
2 5 2 8340
2 6 2 6960
2 7 1 3990
2 8 2 7000
2 9 1 3790
2 10 2 6320
2 11 2 7640
2 12 1 4050
2 13 1 3990
2 14 2 8480
2 15 2 8560
2 16 1 3530
2 17 1 4100
2 18 2 7520
2 19 2 9380
2 20 2 7040
2 1 1 9540
2 2 2 7160
2 3 1 4460
2 4 1 3860
2 5 1 4510
2 6 2 8680
2 7 2 6700
2 8 2 6680
2 9 2 8080
2 10 2 7140
2 11 2 8220
2 12 2 6160
2 13 2 5880
2 14 1 3670
2 15 2 8000
2 16 2 6460
2 17 2 7620
2 18 2 6240
2 19 2 6480
2 20 2 6800
2 1 0 5570
2 2 2 9060
2 3 2 6440
2 4 2 7100
2 5 1 4300
2 6 2 6980
2 7 1 4570
2 8 2 8980
2 9 2 6960
2 10 2 7820
2 11 2 8140
2 12 2 7700
2 13 2 7480
2 14 2 7160
2 15 2 6340
2 16 1 5090
2 17 2 6560
2 18 2 6620
2 19 2 5880
2 20 1 4550
2 1 0 4830
2 2 2 6880
2 3 2 7240
2 4 2 8260
2 5 2 8840
2 6 2 7860
2 7 2 5660
2 8 1 4500
2 9 2 7460
2 10 2 7780
2 11 2 7660
2 12 2 6460
2 13 2 7120
2 14 2 7740
2 15 2 7700
2 16 1 4120
2 17 1 4330
2 18 1 4750
2 19 1 4450
2 20 1 5100
2 1 1 8200
2 2 2 8460
2 3 2 6860
2 4 1 3690
2 5 2 8140
2 6 2 6460
2 7 2 6620
2 8 2 7220
2 9 2 6540
2 10 2 7780
2 11 2 6440
2 12 1 4650
2 13 2 8360
2 14 2 6660
2 15 2 8620
2 16 1 4350
2 17 2 6840
2 18 2 8920
2 19 1 4880
2 20 2 6760
2 1 1 6020
2 2 2 7960
2 3 2 6940
2 4 2 7940
2 5 1 4440
2 6 2 7380
2 7 2 6140
2 8 2 8120
2 9 2 6900
2 10 2 5920
2 11 2 6160
2 12 2 8140
2 13 1 4480
2 14 1 5580
2 15 1 5010
2 16 2 6680
2 17 1 4060
2 18 2 6560
2 19 2 6600
2 20 1 3440
2 1 1 7880
2 2 2 7580
2 3 1 6150
2 4 1 3470
2 5 2 7860
2 6 1 4680
2 7 1 5730
2 8 1 4740
2 9 2 8680
2 10 2 7740
2 11 2 7460
2 12 1 4500
2 13 2 7740
2 14 2 7660
2 15 2 9500
2 16 1 3940
2 17 1 4040
2 18 2 7640
2 19 2 7700
2 20 2 7060
2 1 1 7900
2 2 1 3680
2 3 2 8480
2 4 1 4860
2 5 2 5880
2 6 2 9180
2 7 2 5940
2 8 1 4920
2 9 1 5150
2 10 2 7380
2 11 1 5940
2 12 2 5980
2 13 2 8920
2 14 1 4850
2 15 1 4540
2 16 2 7500
2 17 1 5130
2 18 2 6560
2 19 2 6160
2 20 2 5760
2 1 2 12280
2 2 1 4810
2 3 2 6960
2 4 2 7960
2 5 2 6860
2 6 2 5860
2 7 2 7860
2 8 2 7560
2 9 2 8060
2 10 2 7080
2 11 1 5060
2 12 2 6840
2 13 2 7440
2 14 2 6960
2 15 2 7920
2 16 2 5780
2 17 1 4930
2 18 2 7020
2 19 2 7240
2 20 2 8080
2 1 1 6480
2 2 1 4150
2 3 1 4330
2 4 1 4330
2 5 2 6740
2 6 2 9640
2 7 2 7880
2 8 2 8940
2 9 1 4540
2 10 2 7680
2 11 2 8460
2 12 2 7680
2 13 2 6880
2 14 2 6980
2 15 2 9060
2 16 1 4880
2 17 2 9100
2 18 2 8000
2 19 1 4540
2 20 1 4200
2 1 0 5130
2 2 2 7840
2 3 1 4420
2 4 1 2770
2 5 0 420
2 6 0 2200
2 7 1 3470
2 8 0 880
2 9 1 3380
2 10 0 970
2 11 0 650
2 12 0 1040
2 13 1 5820
2 14 2 6520
2 15 1 5200
2 16 1 5350
2 17 2 6160
2 18 2 8820
2 19 2 7520
2 20 2 6380
2 1 0 4230
2 2 1 4950
2 3 1 4250
2 4 1 4080
2 5 1 6160
2 6 1 4380
2 7 2 6680
2 8 1 3720
2 9 2 7540
2 10 2 8020
2 11 2 7060
2 12 2 8660
2 13 2 6020
2 14 2 8100
2 15 2 7560
2 16 2 7000
2 17 2 7480
2 18 1 5330
2 19 1 2890
2 20 1 4350
2 1 1 6340
2 2 2 6140
2 3 1 4040
2 4 1 4680
2 5 1 5890
2 6 2 6760
2 7 2 6860
2 8 2 6280
2 9 2 5800
2 10 2 6280
2 11 2 7080
2 12 2 8640
2 13 2 6220
2 14 1 3800
2 15 2 6780
2 16 1 4480
2 17 1 4290
2 18 2 7140
2 19 2 7120
2 20 2 6140
2 1 1 8020
2 2 2 6360
2 3 1 5330
2 4 1 4840
2 5 1 4540
2 6 2 6360
2 7 2 8040
2 8 2 7460
2 9 1 4820
2 10 2 6160
2 11 2 6860
2 12 1 4810
2 13 2 7340
2 14 2 6300
2 15 1 4400
2 16 1 3380
2 17 1 4860
2 18 2 7300
2 19 2 6720
2 20 2 6180
2 1 2 12720
2 2 2 6380
2 3 2 7320
2 4 1 4740
2 5 2 8200
2 6 2 7560
2 7 2 8400
2 8 2 6980
2 9 2 7960
2 10 2 8860
2 11 2 6880
2 12 2 7120
2 13 2 7760
2 14 1 4200
2 15 2 6680
2 16 2 6680
2 17 2 7380
2 18 2 6560
2 19 2 7080
2 20 2 8200
2 1 1 8020
2 2 1 5080
2 3 2 7260
2 4 2 8280
2 5 2 8800
2 6 1 5750
2 7 1 4690
2 8 2 7320
2 9 2 7000
2 10 2 6760
2 11 1 4050
2 12 2 7100
2 13 2 8980
2 14 1 4040
2 15 2 7000
2 16 1 4940
2 17 2 7740
2 18 2 8440
2 19 1 4560
2 20 2 8280
2 1 0 4030
2 2 2 7400
2 3 2 7560
2 4 1 4190
2 5 2 7640
2 6 2 5640
2 7 2 6620
2 8 2 8240
2 9 2 7080
2 10 2 8420
2 11 1 3710
2 12 2 7720
2 13 1 5280
2 14 2 7040
2 15 2 7100
2 16 1 5600
2 17 2 8960
2 18 2 8640
1 1 0 1640
1 2 0 1740
1 3 0 940
1 4 0 1670
1 5 0 930
1 6 0 1890
1 7 0 1040
1 8 0 1000
1 9 0 2070
1 10 0 2150
1 11 1 4100
1 12 0 1650
1 13 0 1070
1 14 0 1270
1 15 0 900
1 16 0 1850
1 17 0 810
1 18 0 1360
1 19 0 2020
1 20 0 1010
1 1 0 1140
1 2 0 2250
1 3 0 2240
1 4 0 2330
1 5 0 590
1 6 0 2230
1 7 0 1490
1 8 0 1150
1 9 0 1850
1 10 0 2780
1 11 0 570
1 12 0 2870
1 13 0 2260
1 14 0 810
1 15 0 2800
1 16 0 2630
1 17 0 2450
1 18 0 900
1 19 0 2990
1 20 0 520
1 1 0 1760
1 2 0 3030
1 3 0 2070
1 4 0 1610
1 5 0 1590
1 6 0 1500
1 7 0 1570
1 8 0 810
1 9 0 1390
1 10 1 4920
1 11 0 2050
1 12 0 1380
1 13 0 1150
1 14 0 1570
1 15 0 2390
1 16 0 1470
1 17 0 1050
1 18 0 2020
1 19 0 950
1 20 0 1070
1 1 0 1710
1 2 0 490
1 3 0 1550
1 4 0 970
1 5 0 2070
1 6 0 640
1 7 0 1520
1 8 1 3290
1 9 0 1060
1 10 0 1790
1 11 0 1570
1 12 0 1760
1 13 0 2070
1 14 0 1850
1 15 0 1980
1 16 0 650
1 17 0 2160
1 18 0 1720
1 19 0 1820
1 20 0 1360
1 1 0 760
1 2 0 480
1 3 0 1640
1 4 0 1430
1 5 0 3050
1 6 0 3060
1 7 0 2240
1 8 0 1960
1 9 0 3020
1 10 0 1000
1 11 0 1580
1 12 0 2230
1 13 0 1410
1 14 0 1340
1 15 0 1550
1 16 0 2850
1 17 1 4190
1 18 0 2320
1 19 0 1260
1 20 0 1140
1 1 0 2030
1 2 0 1580
1 3 0 1330
1 4 0 1560
1 5 0 1550
1 6 0 2370
1 7 0 1130
1 8 0 830
1 9 0 1720
1 10 0 900
1 11 0 1750
1 12 0 1540
1 13 0 680
1 14 0 870
1 15 0 520
1 16 0 650
1 17 0 1330
1 18 0 1750
1 19 0 840
1 20 0 1820
1 1 0 2090
1 2 0 520
1 3 0 1950
1 4 0 2110
1 5 0 2730
1 6 0 1450
1 7 0 2470
1 8 0 1100
1 9 0 1530
1 10 0 2260
1 11 0 1830
1 12 0 1940
1 13 0 1940
1 14 1 3760
1 15 0 1530
1 16 0 1500
1 17 0 850
1 18 0 1830
1 19 0 1450
1 20 1 4210
1 1 0 890
1 2 0 1840
1 3 0 2410
1 4 0 880
1 5 0 2220
1 6 0 2050
1 7 0 1860
1 8 0 890
1 9 0 1930
1 10 0 1990
1 11 0 1220
1 12 0 2070
1 13 1 4420
1 14 0 2000
1 15 0 2020
1 16 0 2010
1 17 0 1960
1 18 0 1100
1 19 0 1190
1 20 0 1720
1 1 0 2390
1 2 0 730
1 3 0 1660
1 4 0 2220
1 5 0 1870
1 6 0 2000
1 7 0 310
1 8 1 3850
1 9 0 3070
1 10 0 1370
1 11 0 1070
1 12 0 910
1 13 1 3860
1 14 0 1350
1 15 0 1930
1 16 0 2170
1 17 0 2740
1 18 0 740
1 19 0 1520
1 20 0 1370
1 1 0 1960
1 2 1 3870
1 3 0 1020
1 4 0 2150
1 5 0 1510
1 6 0 2180
1 7 0 1580
1 8 0 970
1 9 0 1470
1 10 0 1470
1 11 0 1600
1 12 0 1110
1 13 0 790
1 14 0 550
1 15 0 1640
1 16 0 920
1 17 0 1870
1 18 0 1850
1 19 0 720
1 20 0 1740
1 1 0 2240
1 2 0 1000
1 3 0 2230
1 4 0 1190
1 5 0 830
1 6 1 4020
1 7 0 850
1 8 0 2670
1 9 0 1940
1 10 0 2600
1 11 0 950
1 12 0 1830
1 13 0 2580
1 14 0 1410
1 15 1 4770
1 16 0 1650
1 17 0 1020
1 18 0 1410
1 19 1 3550
1 20 0 1390
1 1 0 1100
1 2 0 2650
1 3 0 2060
1 4 1 3370
1 5 0 1590
1 6 0 1940
1 7 0 530
1 8 0 1120
1 9 0 2110
1 10 1 4330
1 11 0 1430
1 12 0 710
1 13 0 1930
1 14 0 2050
1 15 0 2270
1 16 0 840
1 17 0 1110
1 18 0 1740
1 19 0 1900
1 20 0 1130
1 1 0 1390
1 2 0 500
1 3 0 1370
1 4 0 560
1 5 0 1650
1 6 0 2030
1 7 0 1550
1 8 0 1640
1 9 0 2110
1 10 0 1750
1 11 0 1820
1 12 0 1420
1 13 0 3060
1 14 0 950
1 15 0 1360
1 16 0 630
1 17 0 1480
1 18 0 1570
1 19 0 1500
1 20 1 4560
1 1 0 1870
1 2 0 2330
1 3 0 920
1 4 0 700
1 5 1 3200
1 6 0 750
1 7 0 3190
1 8 0 820
1 9 0 810
1 10 0 1800
1 11 0 1200
1 12 0 1540
1 13 0 3450
1 14 0 1590
1 15 0 1760
1 16 0 1770
1 17 0 2160
1 18 0 1550
1 19 0 980
1 20 0 1250
1 1 0 2090
1 2 0 1080
1 3 0 1700
1 4 0 1650
1 5 0 1460
1 6 0 950
1 7 0 1460
1 8 0 1680
1 9 1 4010
1 10 0 1070
1 11 0 3500
1 12 1 3500
1 13 0 1230
1 14 0 940
1 15 0 3030
1 16 0 1820
1 17 0 840
1 18 0 3050
1 19 0 1200
1 20 0 1060
1 1 0 1510
1 2 0 1990
1 3 0 1270
1 4 0 1310
1 5 0 870
1 6 0 1850
1 7 0 2820
1 8 0 1980
1 9 0 1810
1 10 0 2560
1 11 0 880
1 12 0 1350
1 13 0 1110
1 14 0 2200
1 15 0 1730
1 16 0 1650
1 17 0 2830
1 18 0 960
1 19 0 1980
1 20 0 1830
1 1 0 1420
1 2 0 870
1 3 0 3060
1 4 0 1940
1 5 0 1470
1 6 0 2260
1 7 0 1370
1 8 0 1720
1 9 0 2050
1 10 0 1930
1 11 0 2240
1 12 0 1330
1 13 0 510
1 14 0 1460
1 15 0 2020
1 16 0 1840
1 17 0 920
1 18 0 2570
1 19 0 1480
1 20 0 1990
1 1 0 1870
1 2 0 1090
1 3 0 1680
1 4 0 610
1 5 1 4590
1 6 0 1700
1 7 0 1990
1 8 0 1060
1 9 0 1800
1 10 0 990
1 11 0 1690
1 12 1 3800
1 13 0 1170
1 14 0 1370
1 15 1 4400
1 16 0 1920
1 17 0 1560
1 18 0 2050
1 19 0 1590
1 20 0 500
1 1 0 2360
1 2 0 1200
1 3 0 1630
1 4 0 1120
1 5 0 1420
1 6 0 1710
1 7 0 2870
1 8 1 4850
1 9 1 3970
1 10 0 1760
1 11 0 960
1 12 0 1590
1 13 0 2170
1 14 1 3560
1 15 0 2120
1 16 0 1260
1 17 0 1870
1 18 0 1590
1 19 0 2160
1 20 0 1850
1 1 0 3240
1 2 0 1180
1 3 0 1210
1 4 0 760
1 5 0 2670
1 6 0 1540
1 7 0 2760
1 8 1 3570
1 9 0 1270
1 10 0 1360
1 11 1 3840
1 12 0 1910
1 13 0 770
1 14 0 1090
1 15 0 1780
1 16 0 2460
1 17 0 1760
1 18 0 2670
1 19 0 730
1 20 0 970
1 1 0 2370
1 2 0 960
1 3 0 550
1 4 0 1410
1 5 0 1670
1 6 0 1850
1 7 0 2060
1 8 0 1640
1 9 0 1270
1 10 1 4730
1 11 0 1580
1 12 0 2010
1 13 0 1760
1 14 0 1770
1 15 0 1660
1 16 0 790
1 17 0 1130
1 18 0 1350
1 19 0 1030
1 20 0 1950
1 1 0 1370
1 2 0 970
1 3 0 1800
1 4 0 2240
1 5 0 1050
1 6 0 1870
1 7 0 2100
1 8 0 1380
1 9 1 3570
1 10 0 680
1 11 0 1500
1 12 0 1150
1 13 0 1280
1 14 0 2050
1 15 1 5850
1 16 0 2030
1 17 0 2010
1 18 0 1870
1 19 0 1000
1 20 0 2260
1 1 0 610
1 2 0 1610
1 3 0 1630
1 4 0 1980
1 5 0 580
1 6 0 720
1 7 0 700
1 8 0 1310
1 9 0 2260
1 10 0 1100
1 11 0 1270
1 12 1 3540
1 13 0 1940
1 14 0 1850
1 15 0 1420
1 16 1 4270
1 17 0 1380
1 18 0 2380
1 19 0 1640
1 20 0 1090
1 1 0 1420
1 2 0 1040
1 3 0 1390
1 4 0 930
1 5 0 2270
1 6 0 1670
1 7 0 1360
1 8 1 3560
1 9 0 2480
1 10 0 1540
1 11 0 1840
1 12 0 660
1 13 0 1370
1 14 0 2470
1 15 0 1760
1 16 0 2000
1 17 0 2220
1 18 0 1050
1 19 0 1520
1 20 0 2060
1 1 0 1470
1 2 0 1820
1 3 0 2040
1 4 0 470
1 5 0 1250
1 6 0 2530
1 7 0 1150
1 8 0 950
1 9 0 1550
1 10 0 1840
1 11 0 740
1 12 0 730
1 13 0 2070
1 14 0 2220
1 15 0 1290
1 16 0 730
1 17 0 820
1 18 0 1700
1 19 0 2050
1 20 0 2030
1 1 0 2070
1 2 1 4100
1 3 0 1460
1 4 0 1990
1 5 0 1940
1 6 0 500
1 7 0 1720
1 8 0 2060
1 9 0 1520
1 10 0 2170
1 11 0 1340
1 12 0 2060
1 13 0 1910
1 14 0 1740
1 15 0 1140
1 16 0 950
1 17 0 1640
1 18 0 1350
1 19 0 1410
1 20 0 2040
1 1 0 1860
1 2 0 1800
1 3 0 1970
1 4 0 1970
1 5 0 2320
1 6 0 2250
1 7 0 1260
1 8 0 1390
1 9 0 1490
1 10 0 1900
1 11 0 1410
1 12 0 840
1 13 0 3470
1 14 0 1800
1 15 0 2070
1 16 0 1840
1 17 0 1280
1 18 0 1500
1 19 0 1410
1 20 0 1740
1 1 0 1860
1 2 0 2590
1 3 0 810
1 4 0 1000
1 5 0 1090
1 6 0 1560
1 7 1 3980
1 8 0 2190
1 9 0 1450
1 10 0 2180
1 11 0 2670
1 12 0 2430
1 13 0 870
1 14 0 2170
1 15 0 2210
1 16 0 1750
1 17 0 1460
1 18 0 1330
1 19 0 1320
1 20 1 3080
1 1 0 690
1 2 0 830
1 3 1 3040
1 4 0 1700
1 5 0 1500
1 6 0 2870
1 7 0 1990
1 8 0 1660
1 9 0 2840
1 10 0 1340
1 11 0 790
1 12 0 2430
1 13 1 3230
1 14 0 1760
1 15 0 780
1 16 0 680
1 17 1 4400
1 18 0 1540
1 19 0 1400
1 20 0 2550
1 1 0 1470
1 2 0 1850
1 3 0 1170
1 4 0 1800
1 5 0 1560
1 6 0 1350
1 7 0 1170
1 8 0 670
1 9 0 1350
1 10 0 1830
1 11 0 700
1 12 0 1490
1 13 0 2180
1 14 0 2170
1 15 0 1320
1 16 0 660
1 17 1 4300
1 18 0 1090
1 19 0 1020
1 20 0 2130
1 1 0 1690
1 2 0 820
1 3 0 1400
1 4 0 1450
1 5 0 1200
1 6 0 1960
1 7 0 1960
1 8 0 860
1 9 0 1670
1 10 0 1350
1 11 0 1350
1 12 0 2070
1 13 0 940
1 14 0 760
1 15 0 2250
1 16 0 1390
1 17 0 1620
1 18 0 1900
1 19 0 1930
1 20 0 1070
1 1 0 2160
1 2 0 1860
1 3 0 1380
1 4 0 1310
1 5 0 1380
1 6 0 1540
1 7 0 670
1 8 0 1410
1 9 0 1500
1 10 0 1840
1 11 0 1740
1 12 0 2860
1 13 0 2750
1 14 0 1060
1 15 0 1130
1 16 0 1890
1 17 0 1210
1 18 0 1790
1 19 0 1720
1 20 0 1820
1 1 0 1810
1 2 0 600
1 3 0 1820
1 4 0 1220
1 5 0 650
1 6 0 1600
1 7 0 3000
1 8 0 2140
1 9 0 1540
1 10 0 1870
1 11 0 1390
1 12 0 1130
1 13 0 1520
1 14 0 2240
1 15 0 2190
1 16 0 2040
1 17 0 790
1 18 0 730
1 19 0 1600
1 20 0 2440
1 1 0 910
1 2 0 1500
1 3 0 2050
1 4 1 4160
1 5 0 1250
1 6 0 2760
1 7 0 1200
1 8 1 3370
1 9 0 3470
1 10 0 1630
1 11 0 660
1 12 0 2240
1 13 0 1850
1 14 0 1970
1 15 0 1870
1 16 0 2190
1 17 0 3130
1 18 0 1580
1 19 0 2000
1 20 0 2970
1 1 0 1510
1 2 0 2670
1 3 0 1590
1 4 0 920
1 5 0 700
1 6 0 3390
1 7 0 1780
1 8 0 2560
1 9 0 1650
1 10 0 1870
1 11 0 710
1 12 0 1440
1 13 0 1780
1 14 1 4730
1 15 0 1630
1 16 0 1030
1 17 0 1650
1 18 0 1070
1 19 0 1980
1 20 0 900
1 1 0 2680
1 2 0 1580
1 3 0 700
1 4 0 1630
1 5 0 1550
1 6 0 2000
1 7 0 1990
1 8 0 1400
1 9 0 730
1 10 0 1340
1 11 0 1020
1 12 0 940
1 13 0 1670
1 14 0 1270
1 15 0 940
1 16 0 1200
1 17 0 2630
1 18 0 2110
1 19 0 2060
1 20 0 1650
1 1 0 1290
1 2 1 4150
1 3 0 880
1 4 0 3390
1 5 0 630
1 6 0 4060
1 7 0 680
1 8 0 1960
1 9 0 1040
1 10 0 2260
1 11 0 1640
1 12 1 4740
1 13 0 560
1 14 0 3050
1 15 0 1910
1 16 0 1820
1 17 0 3430
1 18 0 2840
1 19 0 1820
1 20 0 1790
1 1 0 2290
1 2 0 660
1 3 0 2010
1 4 0 1480
1 5 0 1420
1 6 0 1280
1 7 0 2770
1 8 0 850
1 9 0 2000
1 10 0 3060
1 11 0 1060
1 12 0 760
1 13 0 1660
1 14 0 630
1 15 0 1050
1 16 0 1540
1 17 0 1630
1 18 0 1030
1 19 0 1660
1 20 0 1550
1 1 0 2570
1 2 0 920
1 3 0 1660
1 4 0 1060
1 5 0 1480
1 6 0 1970
1 7 0 1460
1 8 0 1580
1 9 0 2240
1 10 0 1600
1 11 0 1150
1 12 0 2040
1 13 0 1790
1 14 0 1610
1 15 0 1680
1 16 0 980
1 17 0 1100
1 18 0 730
1 19 0 1250
1 20 0 1100
1 1 0 1270
1 2 0 1760
1 3 0 1110
1 4 0 1600
1 5 0 1800
1 6 0 990
1 7 0 1620
1 8 0 2250
1 9 0 910
1 10 0 930
1 11 0 1280
1 12 0 1680
1 13 0 2060
1 14 0 2230
1 15 0 1530
1 16 0 1470
1 17 0 580
1 18 0 2620
1 19 0 1940
1 20 0 930
1 1 0 1210
1 2 0 990
1 3 1 4830
1 4 1 4820
1 5 1 2990
1 6 0 1490
1 7 0 2340
1 8 0 1660
1 9 0 2070
1 10 1 4130
1 11 0 2030
1 12 0 1500
1 13 0 780
1 14 0 790
1 15 0 1770
1 16 0 1450
1 17 0 910
1 18 0 1390
1 19 0 1440
1 20 0 2160
1 1 0 1550
1 2 0 840
1 3 0 1520
1 4 0 2050
1 5 0 1230
1 6 0 2800
1 7 0 1390
1 8 0 1500
1 9 0 1020
1 10 0 1830
1 11 0 1110
1 12 0 3050
1 13 1 3890
1 14 0 2270
1 15 0 2150
1 16 0 2050
1 17 0 590
1 18 0 620
1 19 0 900
1 20 0 880
1 1 0 2050
1 2 0 530
1 3 0 1720
1 4 0 1300
1 5 0 1850
1 6 0 1040
1 7 0 1250
1 8 0 2000
1 9 0 1650
1 10 0 2820
1 11 0 870
1 12 1 3780
1 13 0 1060
1 14 0 1200
1 15 0 1550
1 16 0 610
1 17 0 1080
1 18 0 1400
1 19 0 2170
1 20 0 500
1 1 0 800
1 2 0 1590
1 3 0 1930
1 4 0 1160
1 5 0 1520
1 6 0 2240
1 7 0 2270
1 8 0 3040
1 9 0 1490
1 10 0 2250
1 11 0 2050
1 12 1 4530
1 13 0 1440
1 14 0 1000
1 15 0 1400
1 16 0 1100
1 17 0 960
1 18 0 1530
1 19 0 1300
1 20 0 1030
1 1 0 2070
1 2 0 1850
1 3 0 1860
1 4 0 2160
1 5 0 1590
1 6 0 2260
1 7 0 1790
1 8 0 1540
1 9 0 1110
1 10 1 3380
1 11 0 2840
1 12 0 930
1 13 0 1050
1 14 0 1660
1 15 0 1600
1 16 0 1470
1 17 0 1400
1 18 0 1290
1 19 0 1830
1 20 1 3840
1 1 0 1640
1 2 0 1210
1 3 0 720
1 4 0 1520
1 5 0 2060
1 6 0 870
1 7 0 1500
1 8 0 1690
1 9 0 1860
1 10 0 1350
1 11 0 1040
1 12 0 2170
1 13 0 1070
1 14 0 720
1 15 0 3390
1 16 1 4560
1 17 0 1870
1 18 0 990
1 19 0 1560
1 20 0 2470
1 1 0 670
1 2 0 880
1 3 0 1070
1 4 0 2240
1 5 0 1610
1 6 0 2130
1 7 0 2640
1 8 0 2470
1 9 0 1310
1 10 0 900
1 11 0 970
1 12 0 660
1 13 0 2160
1 14 0 690
1 15 0 1830
1 16 0 1280
1 17 0 1310
1 18 0 1840
1 19 0 770
1 20 0 1690
1 1 0 1230
1 2 0 2070
1 3 0 1550
1 4 0 2610
1 5 0 980
1 6 0 1500
1 7 0 1250
1 8 0 1970
1 9 1 3850
1 10 0 2080
1 11 0 930
1 12 0 2170
1 13 0 1620
1 14 0 1770
1 15 0 2060
1 16 0 2190
1 17 0 2750
1 18 0 1650
1 19 0 1750
1 20 0 1510
1 1 0 1230
1 2 0 2050
1 3 0 1080
1 4 0 1420
1 5 0 1890
1 6 1 4540
1 7 0 780
1 8 0 1100
1 9 0 2170
1 10 0 2420
1 11 0 930
1 12 0 1830
1 13 0 2230
1 14 0 1620
1 15 0 1870
1 16 0 1070
1 17 0 2380
1 18 0 2000
1 19 0 1550
1 20 0 1450
1 1 0 2160
1 2 0 2170
1 3 0 1470
1 4 0 1480
1 5 0 1310
1 6 1 4740
1 7 0 2210
1 8 0 1670
1 9 0 2440
1 10 0 1780
1 11 0 2240
1 12 0 2240
1 13 0 2190
1 14 0 1150
1 15 0 1370
1 16 0 870
1 17 0 1550
1 18 0 960
1 19 0 550
1 20 0 1290
1 1 0 1820
1 2 1 3710
1 3 0 1580
1 4 0 1530
1 5 0 1700
1 6 0 2400
1 7 0 620
1 8 0 910
1 9 0 2040
1 10 0 2670
1 11 0 1420
1 12 0 2050
1 13 0 1890
1 14 0 2270
1 15 0 1800
1 16 0 1470
1 17 0 2370
1 18 0 1290
1 19 1 3190
1 20 0 1340
1 1 0 710
1 2 0 1570
1 3 0 2650
1 4 0 1410
1 5 0 1570
1 6 0 1150
1 7 0 520
1 8 0 1520
1 9 0 1550
1 10 0 910
1 11 0 810
1 12 1 5280
1 13 0 780
1 14 0 1750
1 15 0 2350
1 16 0 1940
1 17 0 1050
1 18 0 2210
1 19 0 1770
1 20 0 1120
1 1 0 1550
1 2 0 2560
1 3 0 2050
1 4 0 2790
1 5 0 1830
1 6 1 3300
1 7 0 1510
1 8 0 1620
1 9 0 2050
1 10 0 990
1 11 0 2460
1 12 0 1820
1 13 0 1780
1 14 0 1240
1 15 1 4600
1 16 0 930
1 17 0 940
1 18 0 1610
1 19 0 760
1 20 0 2570
1 1 0 1070
1 2 0 1920
1 3 0 1410
1 4 0 1860
1 5 0 1000
1 6 0 1790
1 7 0 1260
1 8 1 3540
1 9 0 1600
1 10 1 3470
1 11 0 2240
1 12 0 410
1 13 0 1500
1 14 0 2330
1 15 0 1120
1 16 0 1660
1 17 0 1790
1 18 0 1980
1 19 0 1440
1 20 0 1760
1 1 0 1650
1 2 0 990
1 3 0 2260
1 4 1 3980
1 5 0 2060
1 6 0 1770
1 7 0 910
1 8 0 920
1 9 0 2330
1 10 0 930
1 11 0 1760
1 12 0 2830
1 13 0 1250
1 14 0 940
1 15 0 1340
1 16 0 960
1 17 0 930
1 18 0 1670
1 19 0 2040
1 20 0 1570
1 1 0 1580
1 2 0 970
1 3 0 1990
1 4 0 1670
1 5 0 1240
1 6 0 1840
1 7 0 2200
1 8 0 2630
1 9 0 1010
1 10 0 2000
1 11 0 1330
1 12 0 2710
1 13 0 830
1 14 0 1620
1 15 0 2020
1 16 0 830
1 17 0 2720
1 18 0 1350
1 19 0 1810
1 20 0 2230
1 1 0 1330
1 2 0 1870
1 3 0 490
1 4 0 1960
1 5 0 2470
1 6 0 730
1 7 0 1710
1 8 0 1360
1 9 1 3040
1 10 0 1730
1 11 0 1100
1 12 0 1010
1 13 0 1290
1 14 0 1390
1 15 0 810
1 16 0 1620
1 17 0 1440
1 18 0 1570
1 19 0 3050
1 20 0 3150
1 1 0 1400
1 2 0 1360
1 3 0 940
1 4 0 720
1 5 0 1520
1 6 0 1720
1 7 0 1400
1 8 0 860
1 9 0 1650
1 10 0 3000
1 11 0 1490
1 12 0 1390
1 13 0 1700
1 14 0 1420
1 15 0 2050
1 16 0 2260
1 17 0 1140
1 18 0 1460
1 19 0 1760
1 20 0 740
1 1 0 920
1 2 0 2250
1 3 0 1400
1 4 0 1760
1 5 0 1280
1 6 0 1750
1 7 0 2040
1 8 0 2020
1 9 0 1820
1 10 0 1870
1 11 0 1780
1 12 0 1480
1 13 0 700
1 14 0 2420
1 15 0 1970
1 16 0 1580
1 17 1 3190
1 18 0 1760
1 19 0 1960
1 20 0 1640
1 1 0 1200
1 2 0 2060
1 3 0 1670
1 4 0 1640
1 5 0 1760
1 6 0 1800
1 7 0 1000
1 8 0 1050
1 9 0 2270
1 10 0 950
1 11 0 2680
1 12 1 3330
1 13 0 1840
1 14 1 5320
1 15 0 2570
1 16 0 1070
1 17 0 960
1 18 0 1400
1 19 0 1410
1 20 0 1590
1 1 0 1650
1 2 0 900
1 3 0 1640
1 4 0 1840
1 5 0 1380
1 6 0 680
1 7 0 840
1 8 0 1750
1 9 0 2830
1 10 0 2250
1 11 1 3740
1 12 0 1780
1 13 0 1780
1 14 0 1440
1 15 0 1260
1 16 0 1810
1 17 0 1840
1 18 0 1390
1 19 0 1620
1 20 0 1760
1 1 0 1730
1 2 0 1070
1 3 0 1600
1 4 0 1710
1 5 0 1150
1 6 0 1200
1 7 0 840
1 8 0 1370
1 9 0 1180
1 10 0 1290
1 11 0 1910
1 12 0 1590
1 13 0 2050
1 14 0 1130
1 15 0 790
1 16 0 1150
1 17 0 1860
1 18 0 1620
1 19 0 780
1 20 0 1990
1 1 0 1340
1 2 0 1460
1 3 0 1010
1 4 0 2040
1 5 0 1390
1 6 0 2210
1 7 0 1800
1 8 0 710
1 9 0 2060
1 10 0 830
1 11 1 3160
1 12 0 1210
1 13 0 1570
1 14 0 2270
1 15 0 380
1 16 0 980
1 17 0 1540
1 18 0 2520
1 19 0 2190
1 20 0 1760
1 1 0 1210
1 2 0 1000
1 3 0 1480
1 4 0 540
1 5 0 1470
1 6 0 2710
1 7 0 1850
1 8 0 1500
1 9 0 1660
1 10 0 1760
1 11 0 1960
1 12 0 1710
1 13 0 2000
1 14 0 920
1 15 0 2860
1 16 0 2120
1 17 0 1780
1 18 0 1530
1 19 0 3060
1 20 0 1870
1 1 0 1210
1 2 0 3050
1 3 0 1710
1 4 0 2190
1 5 0 1650
1 6 0 1220
1 7 0 620
1 8 0 2180
1 9 0 1950
1 10 0 1980
1 11 0 810
1 12 0 1930
1 13 0 1510
1 14 0 1250
1 15 0 1470
1 16 0 1620
1 17 0 670
1 18 0 1220
1 19 0 1100
1 20 0 3070
1 1 0 1880
1 2 0 2770
1 3 0 960
1 4 0 730
1 5 0 1020
1 6 0 1530
1 7 0 2270
1 8 0 1830
1 9 1 5140
1 10 0 1470
1 11 0 1410
1 12 0 1850
1 13 0 1210
1 14 0 1120
1 15 0 2770
1 16 0 2050
1 17 0 1650
1 18 0 3460
1 19 0 1110
1 20 1 3210
1 1 0 740
1 2 0 1930
1 3 0 1630
1 4 0 1440
1 5 0 1010
1 6 0 680
1 7 0 1270
1 8 0 1520
1 9 0 1810
1 10 0 2440
1 11 0 1370
1 12 0 2140
1 13 0 1650
1 14 1 4350
1 15 0 730
1 16 0 1360
1 17 0 2030
1 18 0 1860
1 19 0 810
1 20 0 2660
1 1 0 1240
1 2 0 2060
1 3 0 1950
1 4 0 1980
1 5 0 920
1 6 0 920
1 7 0 1060
1 8 0 2040
1 9 0 1440
1 10 0 1980
1 11 0 1290
1 12 0 1510
1 13 0 1050
1 14 0 1450
1 15 0 960
1 16 0 1520
1 17 0 3050
1 18 1 4490
1 19 1 4060
1 20 0 1090
1 1 0 1430
1 2 0 930
1 3 0 2850
1 4 1 4670
1 5 0 1300
1 6 1 5080
1 7 0 1330
1 8 0 1070
1 9 0 1660
1 10 1 3440
1 11 0 2700
1 12 0 2440
1 13 0 860
1 14 1 3370
1 15 0 1930
1 16 0 2740
1 17 0 1670
1 18 0 2820
1 19 0 1460
1 20 0 2030
1 1 0 1580
1 2 0 1970
1 3 0 2370
1 4 0 2640
1 5 0 1430
1 6 0 1760
1 7 0 800
1 8 0 1040
1 9 0 600
1 10 0 1630
1 11 0 1940
1 12 0 1550
1 13 0 1590
1 14 0 1330
1 15 0 2800
1 16 0 1510
1 17 0 1040
1 18 1 4750
1 19 0 2590
1 20 0 1820
1 1 0 2390
1 2 0 1610
1 3 0 2050
1 4 0 1110
1 5 1 4210
1 6 0 3040
1 7 0 1630
1 8 0 1720
1 9 0 910
1 10 0 3010
1 11 0 1400
1 12 0 2270
1 13 0 1880
1 14 0 760
1 15 0 1210
1 16 0 1040
1 17 0 1850
1 18 0 2000
1 19 0 1370
1 20 0 1190
1 1 0 2210
1 2 0 1890
1 3 0 1590
1 4 0 1850
1 5 0 860
1 6 0 3000
1 7 0 2030
1 8 0 2260
1 9 0 2270
1 10 0 640
1 11 0 1040
1 12 0 1200
1 13 0 1550
1 14 0 1740
1 15 0 1410
1 16 0 1880
1 17 0 2990
1 18 1 4240
1 19 0 1610
1 20 0 1950
1 1 0 1450
1 2 0 1160
1 3 0 2160
1 4 0 3060
1 5 0 1380
1 6 0 1830
1 7 0 1440
1 8 0 1820
1 9 0 2000
1 10 0 1740
1 11 0 1670
1 12 0 2130
1 13 0 2570
1 14 0 1420
1 15 0 2780
1 16 0 2250
1 17 1 4080
1 18 0 610
1 19 0 880
1 20 0 810
1 1 0 3050
1 2 0 2290
1 3 0 2470
1 4 0 680
1 5 0 1650
1 6 0 1610
1 7 0 1820
1 8 0 1400
1 9 0 1130
1 10 0 1360
1 11 0 830
1 12 0 2430
1 13 0 3460
1 14 0 750
1 15 0 1040
1 16 0 1160
1 17 0 1640
1 18 0 2660
1 19 0 2490
1 20 0 1480
1 1 0 880
1 2 0 1770
1 3 0 1540
1 4 0 1940
1 5 0 1940
1 6 0 850
1 7 0 1530
1 8 0 1310
1 9 0 1580
1 10 0 820
1 11 0 1850
1 12 0 2200
1 13 0 820
1 14 0 1390
1 15 0 3630
1 16 0 920
1 17 0 1030
1 18 0 760
1 19 0 2070
1 20 0 1040
1 1 0 1230
1 2 0 830
1 3 0 2040
1 4 0 1280
1 5 0 740
1 6 0 760
1 7 0 1820
1 8 0 870
1 9 0 1970
1 10 0 2020
1 11 0 1290
1 12 1 3310
1 13 0 1700
1 14 0 590
1 15 0 1270
1 16 0 560
1 17 0 2010
1 18 0 2600
1 19 0 970
1 20 0 2850
1 1 0 1590
1 2 0 1990
1 3 0 1610
1 4 0 2470
1 5 0 2400
1 6 0 1690
1 7 0 1660
1 8 0 1440
1 9 0 1860
1 10 0 1350
1 11 0 1150
1 12 0 1360
1 13 0 1560
1 14 0 1590
1 15 0 3550
1 16 0 2110
1 17 0 1400
1 18 0 2070
1 19 0 860
1 20 0 2140
1 1 0 1990
1 2 0 2170
1 3 0 1850
1 4 0 2670
1 5 1 4770
1 6 0 940
1 7 0 1430
1 8 0 1770
1 9 0 1780
1 10 0 1970
1 11 1 3660
1 12 0 1980
1 13 0 1390
1 14 0 950
1 15 0 1860
1 16 0 670
1 17 0 1670
1 18 0 2990
1 19 0 2070
1 20 0 1360
1 1 0 1230
1 2 0 870
1 3 0 1690
1 4 1 3000
1 5 0 2470
1 6 0 2190
1 7 0 1950
1 8 0 730
1 9 0 1030
1 10 0 1940
1 11 0 1330
1 12 0 2020
1 13 1 4030
1 14 0 2070
1 15 0 1420
1 16 0 1850
1 17 0 1280
1 18 0 2180
1 19 0 1440
1 20 0 1960
1 1 0 2030
1 2 0 980
1 3 0 2390
1 4 0 1590
1 5 0 1510
1 6 0 2850
1 7 0 1370
1 8 0 1280
1 9 0 1280
1 10 1 3770
1 11 0 950
1 12 0 1420
1 13 0 2230
1 14 0 920
1 15 0 1470
1 16 0 2590
1 17 0 1860
1 18 0 950
1 19 0 1100
1 20 0 1480
1 1 0 1660
1 2 0 1770
1 3 0 930
1 4 0 1060
1 5 0 1840
1 6 1 5440
1 7 0 1110
1 8 0 1950
1 9 0 760
1 10 0 2030
1 11 0 970
1 12 0 2240
1 13 0 1460
1 14 0 1620
1 15 0 950
1 16 0 2020
1 17 0 1400
1 18 0 530
1 19 0 1870
1 20 0 1390
1 1 0 2530
1 2 0 1760
1 3 0 1660
1 4 0 1160
1 5 0 1300
1 6 0 1160
1 7 0 660
1 8 0 2230
1 9 0 950
1 10 0 1120
1 11 0 1810
1 12 0 1290
1 13 1 3740
1 14 0 1790
1 15 0 1230
1 16 0 1340
1 17 0 1740
1 18 0 1740
1 19 0 1930
1 20 0 480
1 1 0 2330
1 2 0 1980
1 3 0 1460
1 4 0 2640
1 5 0 1880
1 6 0 2050
1 7 0 1550
1 8 0 2050
1 9 0 1330
1 10 0 700
1 11 0 1630
1 12 0 530
1 13 0 940
1 14 0 1960
1 15 0 760
1 16 0 1000
1 17 0 780
1 18 0 2560
1 19 0 2530
1 20 1 3660
1 1 0 2830
1 2 0 1930
1 3 0 1800
1 4 0 2660
1 5 0 900
1 6 0 2450
1 7 0 1440
1 8 1 4550
1 9 0 3390
1 10 0 1520
1 11 0 710
1 12 0 2240
1 13 0 1320
1 14 0 2050
1 15 0 1930
1 16 0 630
1 17 0 2570
1 18 0 1530
1 19 1 5290
1 20 0 1520
1 1 0 790
1 2 0 2770
1 3 0 1950
1 4 0 2200
1 5 0 1520
1 6 0 1180
1 7 0 690
1 8 0 1060
1 9 0 1630
1 10 0 660
1 11 0 1550
1 12 0 1100
1 13 0 990
1 14 0 1950
1 15 0 2070
1 16 0 2260
1 17 0 1910
1 18 0 1610
1 19 1 4370
1 20 0 1830
1 1 0 710
1 2 0 1070
1 3 0 510
1 4 0 2470
1 5 0 1840
1 6 0 850
1 7 0 1020
1 8 0 2080
1 9 0 2070
1 10 0 1010
1 11 0 1140
1 12 0 540
1 13 0 3650
1 14 0 810
1 15 0 1520
1 16 0 1660
1 17 0 920
1 18 0 1190
1 19 0 920
1 20 0 2260
1 1 0 3670
1 2 0 1720
1 3 0 1480
1 4 1 5320
1 5 0 1940
1 6 0 1800
1 7 0 900
1 8 0 1870
1 9 0 2290
1 10 0 2820
1 11 0 2040
1 12 0 1050
1 13 0 2880
1 14 0 960
1 15 0 1250
1 16 0 1810
1 17 0 1460
1 18 0 1500
1 19 0 1080
1 20 0 2030
1 1 0 1680
1 2 0 3020
1 3 0 2220
1 4 0 2380
1 5 0 1350
1 6 0 1140
1 7 1 4010
1 8 0 1580
1 9 0 1350
1 10 0 1130
1 11 0 660
1 12 0 1560
1 13 0 2140
1 14 0 2370
1 15 1 3330
1 16 0 1120
1 17 0 1560
1 18 0 2830
1 19 0 660
1 20 0 1590
1 1 0 480
1 2 0 1670
1 3 0 930
1 4 0 2800
1 5 0 1660
1 6 0 1260
1 7 0 3470
1 8 0 820
1 9 1 4690
1 10 0 1810
1 11 0 2260
1 12 0 1800
1 13 0 1180
1 14 0 1660
1 15 0 1100
1 16 1 4800
1 17 0 2140
1 18 0 1670
1 19 0 2070
1 20 0 930
1 1 0 1170
1 2 0 2570
1 3 0 1110
1 4 0 1650
1 5 0 1580
1 6 0 2370
1 7 0 1790
1 8 1 3670
1 9 0 2150
1 10 1 4630
1 11 0 1500
1 12 0 740
1 13 0 2270
1 14 0 1120
1 15 0 920
1 16 0 1010
1 17 0 1760
1 18 0 1830
1 19 0 2500
1 20 0 2250
1 1 0 2220
1 2 0 1480
1 3 0 1910
1 4 0 2240
1 5 0 2640
1 6 0 880
1 7 0 1150
1 8 0 3060
1 9 0 2820
1 10 0 1540
1 11 0 1580
1 12 0 720
1 13 1 4690
1 14 0 2050
1 15 0 2760
1 16 0 840
1 17 0 2060
1 18 0 1750
1 19 0 560
1 20 0 1350
1 1 0 2030
1 2 0 1200
1 3 0 1090
1 4 0 720
1 5 0 1710
1 6 0 1760
1 7 0 1580
1 8 0 2230
1 9 0 1620
1 10 0 1180
1 11 0 860
1 12 0 1250
1 13 1 5490
1 14 0 1180
1 15 0 2180
1 16 0 1670
1 17 1 4960
1 18 0 3220
1 19 0 2470
1 20 0 2040
1 1 0 1700
1 2 0 1810
1 3 0 2830
1 4 0 3020
1 5 0 3450
1 6 0 1640
1 7 0 2140
1 8 0 2270
1 9 0 2070
1 10 0 870
1 11 0 1600
1 12 0 890
1 13 0 1000
1 14 0 2650
1 15 0 2130
1 16 0 1500
1 17 0 1600
1 18 0 1450
1 19 0 1100
1 20 0 480
1 1 0 1220
1 2 0 1920
1 3 0 1670
1 4 0 2230
1 5 0 1310
1 6 0 1620
1 7 0 2890
1 8 0 820
1 9 0 2040
1 10 0 1620
1 11 0 1930
1 12 0 1520
1 13 0 1310
1 14 0 1660
1 15 0 2270
1 16 1 4030
1 17 0 880
1 18 0 690
1 19 0 2070
1 20 0 1980
1 1 0 1530
1 2 0 2750
1 3 0 900
1 4 0 1140
1 5 0 1060
1 6 0 1180
1 7 0 1570
1 8 1 5540
1 9 0 1060
1 10 0 970
1 11 0 940
1 12 1 3740
1 13 0 3340
1 14 0 2870
1 15 0 1030
1 16 0 1250
1 17 0 890
1 18 0 650
1 19 0 1130
1 20 0 860
1 1 0 980
1 2 1 4180
1 3 0 2250
1 4 0 1100
1 5 0 1860
1 6 0 2120
1 7 0 2270
1 8 1 3160
1 9 0 1870
1 10 0 2250
1 11 0 1160
1 12 1 4790
1 13 0 1020
1 14 0 1770
1 15 0 780
1 16 0 1860
1 17 0 880
1 18 0 1660
1 19 0 1940
1 20 0 1010
1 1 0 800
1 2 0 2260
1 3 0 840
1 4 0 2230
1 5 0 2120
1 6 0 1510
1 7 0 710
1 8 0 1520
1 9 0 2760
1 10 0 3460
1 11 0 650
1 12 0 2700
1 13 0 920
1 14 0 1980
1 15 0 1860
1 16 0 2640
1 17 0 2790
1 18 0 1420
1 19 0 1920
1 20 0 2740
1 1 0 1790
1 2 0 1350
1 3 0 2480
1 4 0 3010
1 5 0 790
1 6 0 2400
1 7 0 2030
1 8 0 1770
1 9 0 1860
1 10 0 1450
1 11 0 860
1 12 0 1870
1 13 0 2740
1 14 0 880
1 15 0 1810
1 16 0 860
1 17 0 1800
1 18 0 2640
1 19 0 670
1 20 0 1260
1 1 0 2240
1 2 0 2060
1 3 0 1850
1 4 0 1830
1 5 0 1790
1 6 0 1460
1 7 0 850
1 8 0 2200
1 9 0 1670
1 10 0 700
1 11 0 1670
1 12 0 1730
1 13 0 1020
1 14 1 3420
1 15 0 1330
1 16 0 1340
1 17 1 3810
1 18 0 2050
1 19 0 1740
1 20 0 1240
1 1 0 1690
1 2 0 2770
1 3 0 1310
1 4 0 3070
1 5 0 1150
1 6 0 2870
1 7 0 2060
1 8 0 1260
1 9 0 2210
1 10 0 690
1 11 0 2060
1 12 0 3060
1 13 0 1050
1 14 1 4160
1 15 0 690
1 16 0 1720
1 17 0 2660
1 18 0 980
1 19 0 1970
1 20 0 710
1 1 0 1640
1 2 0 1420
1 3 0 910
1 4 0 1300
1 5 0 1510
1 6 0 2140
1 7 0 2070
1 8 0 2640
1 9 0 1980
1 10 0 760
1 11 0 2620
1 12 0 1660
1 13 0 1680
1 14 0 1150
1 15 0 1420
1 16 0 1600
1 17 0 2030
1 18 0 1970
1 19 0 1890
1 20 0 1590
1 1 0 2350
1 2 0 1840
1 3 0 730
1 4 0 1450
1 5 0 3670
1 6 0 910
1 7 0 1380
1 8 0 1770
1 9 0 1140
1 10 0 2060
1 11 0 1000
1 12 0 1120
1 13 0 2080
1 14 0 1830
1 15 0 1260
1 16 0 3040
1 17 0 820
1 18 1 3910
1 19 1 3500
1 20 0 2400
1 1 0 3910
1 2 0 1580
1 3 0 1290
1 4 0 780
1 5 0 780
1 6 0 900
1 7 0 2060
1 8 0 1800
1 9 0 1720
1 10 0 2710
1 11 0 1610
1 12 0 1820
1 13 0 2050
1 14 0 2230
1 15 0 1470
1 16 0 1610
1 17 0 2110
1 18 0 2720
1 19 0 2270
1 20 1 3680
1 1 0 1440
1 2 0 970
1 3 0 2410
1 4 0 1890
1 5 0 2150
1 6 0 2260
1 7 0 920
1 8 0 1670
1 9 0 1300
1 10 0 1220
1 11 0 940
1 12 0 2190
1 13 0 980
1 14 0 1230
1 15 0 2250
1 16 1 4470
1 17 0 1760
1 18 0 1600
1 19 0 2070
1 20 0 2170
1 1 0 380
1 2 0 1850
1 3 0 1970
1 4 0 1760
1 5 0 1730
1 6 0 3420
1 7 0 3060
1 8 0 1780
1 9 0 2440
1 10 0 1160
1 11 0 1920
1 12 0 800
1 13 0 1660
1 14 0 1520
1 15 0 1920
1 16 0 1010
1 17 0 2620
1 18 0 3230
1 19 0 580
1 20 0 2450
1 1 1 3650
1 2 0 740
1 3 0 1650
1 4 0 2170
1 5 0 1380
1 6 0 1630
1 7 0 1990
1 8 1 4630
1 9 0 1620
1 10 0 1310
1 11 0 680
1 12 0 3250
1 13 0 1550
1 14 0 1040
1 15 0 2000
1 16 0 1570
1 17 0 1340
1 18 0 1750
1 19 0 1000
1 20 0 1180
1 1 1 5130
1 2 0 610
1 3 0 1610
1 4 0 1970
1 5 0 2240
1 6 0 650
1 7 0 2270
1 8 0 1330
1 9 0 1580
1 10 0 1110
1 11 0 2750
1 12 0 2440
1 13 0 1180
1 14 0 1740
1 15 0 830
1 16 0 970
1 17 0 3050
1 18 0 2030
1 19 0 2970
1 20 0 1500
1 1 0 1350
1 2 0 2220
1 3 0 910
1 4 0 1140
1 5 0 1780
1 6 0 830
1 7 0 3080
1 8 0 1770
1 9 0 1330
1 10 0 2850
1 11 0 2040
1 12 0 2060
1 13 0 1680
1 14 0 1990
1 15 0 1180
1 16 0 2740
1 17 0 2130
1 18 0 2620
1 19 0 1320
1 20 0 1380
1 1 0 1860
1 2 0 1080
1 3 0 930
1 4 0 920
1 5 0 560
1 6 0 900
1 7 0 1150
1 8 0 460
1 9 0 3030
1 10 0 1110
1 11 0 1790
1 12 0 2740
1 13 0 1590
1 14 0 2870
1 15 0 1550
1 16 0 930
1 17 0 1870
1 18 0 1830
1 19 0 970
1 20 0 2240
1 1 0 1090
1 2 0 2010
1 3 0 1390
1 4 0 950
1 5 0 1110
1 6 0 2020
1 7 0 1680
1 8 0 2450
1 9 0 2050
1 10 0 1480
1 11 0 860
1 12 0 2050
1 13 0 1790
1 14 0 2050
1 15 0 1870
1 16 0 1650
1 17 0 2620
1 18 1 3160
1 19 0 1000
1 20 0 1100
1 1 0 1260
1 2 0 3210
1 3 0 360
1 4 0 1940
1 5 0 1910
1 6 0 1150
1 7 0 1930
1 8 0 1060
1 9 0 930
1 10 0 1370
1 11 0 1570
1 12 0 1810
1 13 0 1420
1 14 0 1810
1 15 0 1730
1 16 0 1540
1 17 0 890
1 18 0 3270
1 19 0 950
1 20 0 1250
1 1 0 4590
1 2 0 1020
1 3 0 1150
1 4 0 1580
1 5 0 3230
1 6 0 1460
1 7 0 2200
1 8 0 1690
1 9 1 3360
1 10 0 820
1 11 0 1490
1 12 0 900
1 13 0 1810
1 14 0 1480
1 15 0 1410
1 16 0 1150
1 17 0 1660
1 18 0 2620
1 19 0 1590
1 20 0 810
1 1 1 3720
1 2 0 1140
1 3 0 1660
1 4 0 1600
1 5 0 2260
1 6 0 820
1 7 0 750
1 8 0 3010
1 9 1 3750
1 10 0 1680
1 11 0 2000
1 12 0 1860
1 13 0 1630
1 14 0 1510
1 15 0 2420
1 16 1 3090
1 17 0 2400
1 18 0 3370
1 19 0 970
1 20 0 2860
1 1 0 810
1 2 0 2200
1 3 0 980
1 4 0 2000
1 5 0 650
1 6 0 2470
1 7 0 1610
1 8 0 1780
1 9 0 850
1 10 0 2000
1 11 0 1390
1 12 0 2030
1 13 0 1780
1 14 0 2930
1 15 0 640
1 16 0 1330
1 17 0 2380
1 18 0 2250
1 19 0 1090
1 20 0 1650
1 1 0 1230
1 2 0 1770
1 3 0 720
1 4 0 810
1 5 0 2560
1 6 0 2600
1 7 0 2060
1 8 0 1020
1 9 0 1040
1 10 0 1850
1 11 0 1530
1 12 0 1670
1 13 0 940
1 14 0 1410
1 15 0 1790
1 16 0 2870
1 17 0 1480
1 18 0 970
1 19 0 1370
1 20 0 2240
1 1 0 980
1 2 0 1690
1 3 0 1380
1 4 0 1570
1 5 0 1960
1 6 0 2110
1 7 0 1580
1 8 1 3360
1 9 0 1010
1 10 0 2360
1 11 0 940
1 12 1 4200
1 13 0 1210
1 14 0 1290
1 15 0 1370
1 16 0 770
1 17 0 760
1 18 0 1870
1 19 0 1880
1 20 1 3600
1 1 0 4170
1 2 0 1640
1 3 1 4560
1 4 0 920
1 5 0 1290
1 6 0 2170
1 7 0 2940
1 8 0 1090
1 9 0 3450
1 10 0 2600
1 11 0 1380
1 12 0 1380
1 13 0 1810
1 14 0 2270
1 15 0 2030
1 16 0 1620
1 17 0 1400
1 18 1 4380
1 19 0 1920
1 20 0 1150
1 1 0 1010
1 2 0 1840
1 3 0 1030
1 4 0 2960
1 5 1 3470
1 6 0 1290
1 7 0 2620
1 8 0 1670
1 9 0 2670
1 10 0 700
1 11 0 1460
1 12 0 1140
1 13 0 1780
1 14 0 900
1 15 0 2530
1 16 0 1640
1 17 0 1110
1 18 0 960
1 19 0 1110
1 20 0 710
1 1 1 3740
1 2 0 890
1 3 0 780
1 4 0 2040
1 5 0 920
1 6 1 3400
1 7 0 1710
1 8 1 5210
1 9 1 3450
1 10 0 2270
1 11 0 2730
1 12 0 2050
1 13 0 2240
1 14 0 910
1 15 0 3000
1 16 0 550
1 17 0 2860
1 18 0 1250
1 19 0 2590
1 20 0 1580
1 1 0 2270
1 2 0 2390
1 3 0 1300
1 4 0 2220
1 5 0 1250
1 6 0 1190
1 7 0 2180
1 8 0 690
1 9 0 1410
1 10 0 940
1 11 1 4730
1 12 0 1990
1 13 0 1750
1 14 0 2040
1 15 0 870
1 16 1 5020
1 17 0 3340
1 18 0 1710
1 19 0 1360
1 20 1 5660
1 1 0 2380
1 2 0 530
1 3 0 1540
1 4 0 2110
1 5 0 860
1 6 0 2200
1 7 0 1870
1 8 0 2360
1 9 0 810
1 10 0 1230
1 11 0 1910
1 12 0 1010
1 13 0 1670
1 14 0 1250
1 15 0 2650
1 16 0 1300
1 17 0 930
1 18 0 970
1 19 0 1250
1 20 0 1910
1 1 0 2840
1 2 0 1600
1 3 0 1330
1 4 0 1690
1 5 0 1860
1 6 0 820
1 7 0 1840
1 8 0 2720
1 9 1 3360
1 10 0 1930
1 11 0 950
1 12 0 1840
1 13 0 2260
1 14 1 3510
1 15 0 2070
1 16 0 2000
1 17 0 710
1 18 0 1760
1 19 0 3320
1 20 0 1660
1 1 0 1430
1 2 0 1400
1 3 0 2860
1 4 0 2970
1 5 0 2000
1 6 1 7460
1 7 0 1360
1 8 0 1130
1 9 0 1610
1 10 0 1320
1 11 1 4680
1 12 0 1900
1 13 0 1410
1 14 0 1860
1 15 0 2040
1 16 0 1620
1 17 0 1920
1 18 0 2200
1 19 0 1370
1 20 0 1440
1 1 0 1350
1 2 0 1260
1 3 0 1400
1 4 0 960
1 5 0 1040
1 6 0 1500
1 7 1 4440
1 8 0 1580
1 9 0 3400
1 10 0 1620
1 11 0 2020
1 12 0 1510
1 13 0 2550
1 14 0 790
1 15 0 2860
1 16 0 1260
1 17 0 1330
1 18 0 2050
1 19 0 1530
1 20 0 1830
1 1 0 3380
1 2 0 2030
1 3 0 2460
1 4 0 2040
1 5 0 1140
1 6 1 3550
1 7 0 1830
1 8 0 1610
1 9 0 1320
1 10 0 1610
1 11 0 1880
1 12 0 1240
1 13 0 1340
1 14 1 3930
1 15 0 680
1 16 0 1830
1 17 0 2120
1 18 0 1630
1 19 1 4400
1 20 0 760
1 1 0 1120
1 2 0 560
1 3 0 860
1 4 0 3020
1 5 0 2420
1 6 0 1950
1 7 0 1250
1 8 0 3380
1 9 0 760
1 10 0 1460
1 11 0 2130
1 12 0 2190
1 13 0 1580
1 14 0 2000
1 15 0 2130
1 16 0 2030
1 17 0 1960
1 18 0 1740
1 19 0 910
1 20 0 1910
1 1 0 600
1 2 0 1620
1 3 0 2490
1 4 0 1080
1 5 0 730
1 6 0 1560
1 7 0 820
1 8 0 2670
1 9 1 3680
1 10 0 1460
1 11 0 1820
1 12 0 1330
1 13 1 4580
1 14 0 1760
1 15 0 1320
1 16 1 4140
1 17 0 1880
1 18 0 2590
1 19 0 1730
1 20 0 1750
1 1 0 2580
1 2 0 1760
1 3 0 900
1 4 0 990
1 5 1 4430
1 6 0 2030
1 7 0 2260
1 8 0 2600
1 9 0 2900
1 10 0 840
1 11 0 1010
1 12 0 1560
1 13 0 2200
1 14 0 2410
1 15 0 1280
1 16 0 470
1 17 0 1160
1 18 0 1660
1 19 0 790
1 20 0 1750
1 1 0 730
1 2 0 1180
1 3 0 1840
1 4 0 1900
1 5 0 1250
1 6 0 1870
1 7 0 2030
1 8 0 2270
1 9 0 1250
1 10 0 790
1 11 0 970
1 12 0 1740
1 13 0 2060
1 14 0 2050
1 15 0 1540
1 16 0 2250
1 17 0 2180
1 18 1 5400
1 19 0 2700
1 20 0 2170
1 1 0 3170
1 2 0 2270
1 3 0 3010
1 4 0 2010
1 5 0 1380
1 6 0 3060
1 7 0 1500
1 8 0 2270
1 9 0 3050
1 10 0 1860
1 11 0 2270
1 12 0 2150
1 13 0 1050
1 14 0 1940
1 15 0 1140
1 16 0 1150
1 17 0 1600
1 18 1 3730
1 19 0 1120
1 20 0 2640
1 1 0 1820
1 2 0 1070
1 3 0 3020
1 4 0 1840
1 5 0 2570
1 6 0 1200
1 7 0 800
1 8 0 2000
1 9 0 1780
1 10 0 1450
1 11 0 1330
1 12 0 1030
1 13 0 1240
1 14 0 2090
1 15 0 1000
1 16 0 2250
1 17 0 2040
1 18 0 2390
1 19 0 750
1 20 0 1060
1 1 0 1660
1 2 0 1340
1 3 0 1380
1 4 0 1600
1 5 1 4630
1 6 0 1830
1 7 0 1650
1 8 0 3030
1 9 0 2040
1 10 0 790
1 11 0 1630
1 12 0 1240
1 13 0 2680
1 14 0 2150
1 15 0 1630
1 16 0 1460
1 17 0 860
1 18 0 1150
1 19 0 2270
1 20 0 2430
1 1 0 2130
1 2 0 1370
1 3 0 1400
1 4 0 1940
1 5 0 2140
1 6 0 1750
1 7 1 3910
1 8 0 2190
1 9 0 1220
1 10 0 2000
1 11 0 1820
1 12 0 890
1 13 1 4430
1 14 0 500
1 15 0 1290
1 16 0 2670
1 17 0 950
1 18 0 1770
1 19 0 820
1 20 0 1660
1 1 0 1180
1 2 0 2790
1 3 0 990
1 4 0 1170
1 5 0 730
1 6 0 1960
1 7 0 1590
1 8 0 1640
1 9 0 1930
1 10 0 1060
1 11 1 5250
1 12 0 850
1 13 0 2650
1 14 0 1810
1 15 0 1560
1 16 0 2190
1 17 0 1560
1 18 0 2230
1 19 0 1730
1 20 0 2060
1 1 0 1870
1 2 0 1020
1 3 0 1040
1 4 0 1690
1 5 0 800
1 6 0 2120
1 7 0 2050
1 8 0 1170
1 9 0 2660
1 10 0 1850
1 11 0 3430
1 12 0 560
1 13 0 2220
1 14 0 1280
1 15 0 1910
1 16 0 1680
1 17 0 2270
1 18 0 1830
1 19 0 1640
1 20 0 1610
1 1 0 840
1 2 0 2270
1 3 0 2870
1 4 1 5080
1 5 0 1310
1 6 0 1280
1 7 0 1060
1 8 0 1480
1 9 0 3010
1 10 0 1250
1 11 0 1860
1 12 0 1160
1 13 0 1620
1 14 0 1390
1 15 1 4050
1 16 0 530
1 17 0 1720
1 18 0 2930
1 19 0 1840
1 20 0 2160
1 1 0 2820
1 2 0 1520
1 3 0 910
1 4 0 1870
1 5 0 1490
1 6 0 2020
1 7 0 1050
1 8 0 1430
1 9 0 1820
1 10 0 3060
1 11 0 1350
1 12 0 3060
1 13 0 1320
1 14 0 1810
1 15 0 1310
1 16 0 1340
1 17 0 1400
1 18 0 1490
1 19 0 1930
1 20 0 1500
1 1 0 1910
1 2 0 1620
1 3 0 600
1 4 0 2450
1 5 0 1120
1 6 0 1900
1 7 0 1440
1 8 1 3170
1 9 0 690
1 10 0 2400
1 11 0 850
1 12 0 1180
1 13 0 1560
1 14 0 1690
1 15 0 1620
1 16 0 1330
1 17 0 2870
1 18 0 1220
1 19 0 2770
1 20 0 1810
1 1 0 750
1 2 1 3390
1 3 0 720
1 4 0 2220
1 5 0 2840
1 6 0 2260
1 7 0 1760
1 8 0 2230
1 9 0 2330
1 10 0 2010
1 11 0 1990
1 12 0 1560
1 13 0 2240
1 14 1 3560
1 15 0 720
1 16 0 1900
1 17 0 1420
1 18 0 2150
1 19 0 1100
1 20 0 1570
1 1 0 2170
1 2 1 4520
1 3 0 2020
1 4 1 4660
1 5 0 1730
1 6 0 2200
1 7 0 740
1 8 0 1520
1 9 0 1280
1 10 0 730
1 11 0 1440
1 12 0 1960
1 13 0 2250
1 14 0 2700
1 15 0 2240
1 16 0 2270
1 17 0 1330
1 18 0 1020
1 19 0 2310
1 20 0 1820
1 1 0 3060
1 2 0 1660
1 3 0 2790
1 4 0 1960
1 5 0 1430
1 6 0 1580
1 7 0 2070
1 8 0 1350
1 9 0 1690
1 10 0 1400
1 11 0 1140
1 12 0 2320
1 13 0 1590
1 14 0 2070
1 15 0 2450
1 16 0 690
1 17 1 4260
1 18 0 1720
1 19 0 2010
1 20 0 990
1 1 1 6590
1 2 0 2130
1 3 0 1730
1 4 0 3150
1 5 0 1070
1 6 0 1770
1 7 0 2850
1 8 0 1300
1 9 0 670
1 10 0 2060
1 11 0 650
1 12 0 1950
1 13 0 1300
1 14 0 2240
1 15 0 3020
1 16 0 2020
1 17 0 710
1 18 0 1100
1 19 0 2580
1 20 0 920
1 1 0 1540
1 2 0 1250
1 3 0 940
1 4 0 2870
1 5 0 1270
1 6 0 1390
1 7 0 2120
1 8 0 1690
1 9 0 1340
1 10 0 1620
1 11 0 1350
1 12 0 580
1 13 0 1170
1 14 0 1760
1 15 0 920
1 16 0 1640
1 17 0 1010
1 18 0 2460
1 19 0 1840
1 20 0 1600
1 1 0 1980
1 2 0 1320
1 3 0 2460
1 4 0 800
1 5 0 1980
1 6 0 2190
1 7 0 1850
1 8 0 640
1 9 0 1760
1 10 0 950
1 11 0 1170
1 12 0 1740
1 13 0 1950
1 14 0 1960
1 15 0 1350
1 16 0 1550
1 17 0 1730
1 18 0 1130
1 19 0 2190
1 20 0 1550
1 1 0 1850
1 2 0 1860
1 3 0 950
1 4 0 930
1 5 0 540
1 6 0 1580
1 7 0 1570
1 8 0 1280
1 9 0 1550
1 10 0 930
1 11 0 1790
1 12 0 1860
1 13 0 2030
1 14 0 920
1 15 0 2130
1 16 0 930
1 17 0 1810
1 18 0 1630
1 19 0 1600
1 20 0 1130
1 1 0 2880
1 2 0 760
1 3 0 780
1 4 0 1670
1 5 0 1450
1 6 0 1120
1 7 0 2760
1 8 0 320
1 9 0 1250
1 10 0 1530
1 11 0 1040
1 12 0 1350
1 13 0 1890
1 14 0 1860
1 15 0 1220
1 16 0 2210
1 17 0 2050
1 18 0 970
1 19 0 1710
1 20 0 2270
1 1 0 1610
1 2 0 1500
1 3 0 1870
1 4 1 3590
1 5 0 1230
1 6 0 1710
1 7 0 840
1 8 0 1800
1 9 0 1020
1 10 0 850
1 11 0 1940
1 12 0 2640
1 13 0 2000
1 14 0 1280
1 15 1 5490
1 16 0 1640
1 17 0 1470
1 18 0 1740
1 19 0 1720
1 20 0 2270
1 1 0 640
1 2 0 1850
1 3 0 2800
1 4 0 1540
1 5 0 2140
1 6 0 1860
1 7 0 1220
1 8 0 2030
1 9 0 1180
1 10 0 1830
1 11 0 2190
1 12 0 1410
1 13 0 730
1 14 0 2180
1 15 0 1270
1 16 0 1060
1 17 0 1880
1 18 0 1130
1 19 0 600
1 20 0 1660
1 1 0 1860
1 2 1 3320
1 3 0 2480
1 4 0 1550
1 5 0 1320
1 6 0 1480
1 7 0 1740
1 8 0 1820
1 9 0 1580
1 10 0 1270
1 11 0 2240
1 12 0 2220
1 13 0 2550
1 14 0 2320
1 15 0 2090
1 16 0 1690
1 17 0 510
1 18 0 1410
1 19 0 1670
1 20 0 2450
1 1 0 790
1 2 0 1340
1 3 0 1720
1 4 0 620
1 5 0 1170
1 6 0 1230
1 7 0 1560
1 8 0 700
1 9 0 1920
1 10 1 4820
1 11 0 1580
1 12 0 2260
1 13 0 2860
1 14 0 2210
1 15 0 2000
1 16 0 1210
1 17 0 1950
1 18 0 620
1 19 0 1040
1 20 0 2250
1 1 0 2450
1 2 0 1170
1 3 0 2070
1 4 0 2780
1 5 0 1800
1 6 0 1040
1 7 0 1110
1 8 0 1520
1 9 1 3590
1 10 0 2250
1 11 0 1360
1 12 0 1800
1 13 0 1280
1 14 0 2810
1 15 0 740
1 16 0 1400
1 17 0 1520
1 18 0 1970
1 19 0 2800
1 20 0 1050
1 1 0 760
1 2 0 1670
1 3 0 2440
1 4 0 2020
1 5 0 2220
1 6 0 1230
1 7 0 510
1 8 0 2820
1 9 0 1630
1 10 0 2050
1 11 0 1760
1 12 1 4490
1 13 0 1620
1 14 0 1760
1 15 0 1110
1 16 0 2220
1 17 0 670
1 18 0 850
1 19 0 1920
1 20 0 870
1 1 0 2220
1 2 0 1970
1 3 0 1100
1 4 0 1200
1 5 0 1920
1 6 0 2020
1 7 0 360
1 8 0 840
1 9 0 2050
1 10 0 2130
1 11 0 770
1 12 0 1380
1 13 0 1090
1 14 0 910
1 15 0 870
1 16 0 1650
1 17 0 1860
1 18 1 3740
1 19 0 1970
1 20 0 920
1 1 0 2070
1 2 0 1810
1 3 0 2470
1 4 0 1970
1 5 0 1880
1 6 0 2130
1 7 0 2070
1 8 0 820
1 9 0 680
1 10 0 790
1 11 0 1020
1 12 0 1200
1 13 0 810
1 14 0 2680
1 15 1 4040
1 16 0 2130
1 17 0 1810
1 18 0 1340
1 19 0 1900
1 20 0 1780
1 1 0 1050
1 2 0 1850
1 3 0 1530
1 4 0 1860
1 5 0 1030
1 6 0 1360
1 7 0 2060
1 8 0 2470
1 9 0 1930
1 10 0 2210
1 11 0 740
1 12 0 1680
1 13 1 3530
1 14 0 1860
1 15 0 2050
1 16 0 1560
1 17 0 2380
1 18 0 1790
1 19 0 1320
1 20 0 1830
1 1 0 2320
1 2 0 1010
1 3 0 1700
1 4 0 2780
1 5 0 1620
1 6 0 1150
1 7 0 2050
1 8 0 1210
1 9 0 1030
1 10 0 2200
1 11 0 1300
1 12 0 2000
1 13 0 1110
1 14 0 1300
1 15 0 1990
1 16 1 3750
1 17 0 1770
1 18 0 2080
1 19 0 660
1 20 0 2070
1 1 0 1340
1 2 0 2530
1 3 0 1420
1 4 0 2410
1 5 0 2220
1 6 0 1590
1 7 0 700
1 8 0 840
1 9 0 1990
1 10 0 1610
1 11 0 1200
1 12 0 1020
1 13 0 2060
1 14 0 2050
1 15 0 1340
1 16 1 2960
1 17 0 1320
1 18 0 2270
1 19 0 1630
1 20 0 2550
1 1 1 3120
1 2 0 1140
1 3 0 1980
1 4 0 1370
1 5 0 3240
1 6 0 810
1 7 0 1710
1 8 0 2100
1 9 0 2060
1 10 0 1800
1 11 0 1340
1 12 0 1770
1 13 0 3270
1 14 0 1900
1 15 0 1000
1 16 0 1520
1 17 0 1320
1 18 0 1640
1 19 0 2780
1 20 0 720
1 1 0 2830
1 2 0 2440
1 3 0 670
1 4 0 1370
1 5 0 2220
1 6 0 2000
1 7 0 1790
1 8 0 1800
1 9 0 1810
1 10 0 1860
1 11 0 1420
1 12 1 3510
1 13 0 2020
1 14 0 620
1 15 0 1700
1 16 0 1660
1 17 0 870
1 18 0 1190
1 19 0 650
1 20 0 2070
1 1 0 1420
1 2 0 1850
1 3 0 2400
1 4 0 1750
1 5 0 1050
1 6 0 1720
1 7 0 3450
1 8 0 1620
1 9 0 850
1 10 0 1820
1 11 0 1980
1 12 0 2860
1 13 0 1360
1 14 0 880
1 15 0 1910
1 16 1 3910
1 17 0 2180
1 18 1 3490
1 19 0 1810
1 20 0 1980
1 1 0 1060
1 2 0 2170
1 3 0 1480
1 4 0 460
1 5 0 1480
1 6 1 4140
1 7 0 1530
1 8 0 830
1 9 0 1650
1 10 0 1910
1 11 1 4540
1 12 0 2980
1 13 0 1790
1 14 0 1460
1 15 0 1830
1 16 0 1250
1 17 0 1640
1 18 0 1090
1 19 0 2250
1 20 0 3070
1 1 0 660
1 2 0 740
1 3 0 1290
1 4 0 1760
1 5 0 1420
1 6 0 1540
1 7 0 2200
1 8 0 2020
1 9 0 2100
1 10 0 770
1 11 0 2180
1 12 0 1130
1 13 0 1080
1 14 0 1680
1 15 1 4080
1 16 0 1090
1 17 0 1200
1 18 0 1090
1 19 0 1150
1 20 0 1540
1 1 0 800
1 2 0 1660
1 3 0 2190
1 4 0 1470
1 5 0 2070
1 6 0 1170
1 7 0 1580
1 8 0 1870
1 9 0 1850
1 10 0 2060
1 11 0 1680
1 12 0 2190
1 13 0 1910
1 14 0 1800
1 15 0 720
1 16 1 3540
1 17 0 1350
1 18 0 3240
1 19 0 820
1 20 0 1640
1 1 0 1500
1 2 0 2030
1 3 0 1580
1 4 0 1790
1 5 0 2070
1 6 0 1790
1 7 0 610
1 8 1 3980
1 9 0 1290
1 10 0 1400
1 11 0 2180
1 12 0 1860
1 13 0 1150
1 14 1 3780
1 15 0 1510
1 16 0 1530
1 17 0 1920
1 18 0 760
1 19 1 3520
1 20 0 1770
1 1 0 1130
1 2 0 1440
1 3 0 1020
1 4 0 1030
1 5 0 1880
1 6 0 740
1 7 0 2270
1 8 0 2210
1 9 0 1210
1 10 0 1070
1 11 0 860
1 12 0 1850
1 13 0 1490
1 14 0 2790
1 15 0 1520
1 16 0 3020
1 17 0 1070
1 18 0 1700
1 19 0 1670
1 20 0 2200
1 1 0 1880
1 2 0 1990
1 3 0 1770
1 4 0 1460
1 5 0 1420
1 6 0 1930
1 7 0 1760
1 8 0 1470
1 9 1 4530
1 10 0 1400
1 11 0 490
1 12 0 680
1 13 0 2050
1 14 0 1500
1 15 0 1230
1 16 0 1020
1 17 0 2490
1 18 0 1540
1 19 0 760
1 20 0 1480
1 1 0 1650
1 2 0 2020
1 3 0 1430
1 4 0 2860
1 5 0 2040
1 6 0 1530
1 7 0 720
1 8 0 1060
1 9 0 1450
1 10 1 4330
1 11 0 2200
1 12 0 2250
1 13 0 900
1 14 0 2070
1 15 1 3710
1 16 0 1760
1 17 0 1680
1 18 0 2820
1 19 0 1520
1 20 0 800
1 1 0 2250
1 2 0 1710
1 3 0 1940
1 4 0 1280
1 5 1 3870
1 6 0 1440
1 7 0 1180
1 8 0 660
1 9 1 2910
1 10 0 1040
1 11 0 1900
1 12 0 880
1 13 0 1020
1 14 0 610
1 15 0 1030
1 16 0 2420
1 17 0 1380
1 18 0 1090
1 19 0 1760
1 20 0 1710
1 1 0 1190
1 2 0 1580
1 3 0 2200
1 4 0 2870
1 5 0 1040
1 6 0 3470
1 7 0 1560
1 8 0 1390
1 9 0 1520
1 10 0 590
1 11 0 900
1 12 0 1900
1 13 0 1720
1 14 0 1940
1 15 0 1200
1 16 0 2000
1 17 0 1790
1 18 0 2030
1 19 0 2580
1 20 0 2250
1 1 0 2070
1 2 0 1450
1 3 0 2260
1 4 0 1000
1 5 0 1480
1 6 0 1740
1 7 0 2740
1 8 0 2000
1 9 0 710
1 10 0 1060
1 11 0 1850
1 12 0 1380
1 13 0 2450
1 14 0 2440
1 15 0 2300
1 16 0 1730
1 17 0 810
1 18 0 1660
1 19 0 2520
1 20 0 620
1 1 0 2290
1 2 1 3030
1 3 0 1690
1 4 0 2270
1 5 0 1010
1 6 0 1050
1 7 0 1500
1 8 0 580
1 9 0 970
1 10 0 1750
1 11 0 1130
1 12 0 1220
1 13 0 1710
1 14 0 2780
1 15 0 1960
1 16 0 950
1 17 0 1850
1 18 1 4060
1 19 0 1380
1 20 1 3480
1 1 0 1520
1 2 0 1490
1 3 1 3400
1 4 0 2840
1 5 0 1770
1 6 1 3620
1 7 0 1060
1 8 0 3020
1 9 0 790
1 10 0 1500
1 11 0 770
1 12 0 680
1 13 0 1600
1 14 0 1560
1 15 0 1490
1 16 0 1570
1 17 0 1500
1 18 0 1550
1 19 0 1620
1 20 0 1440
1 1 0 1110
1 2 0 1850
1 3 0 1870
1 4 0 1240
1 5 0 1810
1 6 0 1340
1 7 0 740
1 8 0 660
1 9 0 490
1 10 0 1870
1 11 0 1270
1 12 0 970
1 13 0 2530
1 14 0 2100
1 15 0 1610
1 16 0 930
1 17 0 780
1 18 0 1490
1 19 0 1890
1 20 0 1960
1 1 0 530
1 2 0 1080
1 3 0 2130
1 4 0 1220
1 5 0 1710
1 6 0 3170
1 7 0 1940
1 8 0 1210
1 9 0 1800
1 10 0 1200
1 11 0 1190
1 12 0 710
1 13 0 670
1 14 0 2400
1 15 1 2960
1 16 1 3130
1 17 0 460
1 18 0 1350
1 19 0 830
1 20 0 1430
1 1 0 1510
1 2 0 2150
1 3 1 4670
1 4 0 1070
1 5 0 520
1 6 0 1420
1 7 0 1610
1 8 0 1870
1 9 0 3200
1 10 0 2090
1 11 0 1390
1 12 1 3590
1 13 0 1230
1 14 0 2650
1 15 0 920
1 16 0 2050
1 17 0 1740
1 18 0 1240
1 19 0 790
1 20 0 2660
1 1 0 1490
1 2 0 560
1 3 0 1600
1 4 0 1570
1 5 0 2450
1 6 0 2700
1 7 0 1230
1 8 0 1560
1 9 0 2740
1 10 0 970
1 11 0 1740
1 12 0 1150
1 13 0 490
1 14 0 1670
1 15 0 2130
1 16 0 2620
1 17 0 2140
1 18 0 1910
1 19 0 1570
1 20 0 1670
1 1 0 1650
1 2 0 1490
1 3 0 1560
1 4 0 1060
1 5 0 2210
1 6 0 800
1 7 0 2000
1 8 0 840
1 9 0 690
1 10 0 1870
1 11 0 950
1 12 0 2200
1 13 0 2650
1 14 0 1510
1 15 0 1640
1 16 0 1990
1 17 0 1970
1 18 0 1530
1 19 0 1830
1 20 0 1180
1 1 0 1770
1 2 0 1190
1 3 0 2740
1 4 0 2800
1 5 0 760
1 6 0 930
1 7 0 890
1 8 0 2050
1 9 0 1270
1 10 0 1560
1 11 0 1940
1 12 0 2470
1 13 0 1840
1 14 1 4850
1 15 0 750
1 16 0 1480
1 17 0 2260
1 18 0 930
1 19 0 2070
1 20 0 910
1 1 1 3480
1 2 0 1230
1 3 0 600
1 4 0 840
1 5 0 1820
1 6 0 1300
1 7 0 3270
1 8 0 2270
1 9 0 1500
1 10 0 950
1 11 0 1420
1 12 0 870
1 13 1 5310
1 14 0 1110
1 15 0 1370
1 16 0 1670
1 17 0 2780
1 18 0 1920
1 19 0 1530
1 20 0 880
1 1 0 1170
1 2 0 1260
1 3 0 1660
1 4 0 1700
1 5 0 1000
1 6 0 1510
1 7 0 1560
1 8 0 1880
1 9 1 4770
1 10 0 920
1 11 0 2060
1 12 0 1340
1 13 0 1930
1 14 0 1930
1 15 0 2000
1 16 0 510
1 17 0 640
1 18 0 1350
1 19 0 1540
1 20 1 3360
1 1 0 2260
1 2 0 900
1 3 0 1680
1 4 0 2230
1 5 0 940
1 6 0 1340
1 7 0 570
1 8 0 2050
1 9 1 4070
1 10 1 2970
1 11 0 1450
1 12 0 1210
1 13 0 1740
1 14 0 1260
1 15 0 2100
1 16 0 1350
1 17 1 3560
1 18 0 930
1 19 0 710
1 20 0 800
1 1 0 3410
1 2 0 890
1 3 0 1380
1 4 0 1570
1 5 0 1110
1 6 0 1990
1 7 0 2090
1 8 0 1600
1 9 0 1640
1 10 0 1330
1 11 0 1520
1 12 0 2010
1 13 0 1680
1 14 0 1010
1 15 0 2240
1 16 0 1600
1 17 0 750
1 18 0 1280
1 19 0 2080
1 20 0 1550
1 1 0 600
1 2 0 1320
1 3 0 550
1 4 0 910
1 5 0 1390
1 6 0 2330
1 7 0 2760
1 8 0 3030
1 9 0 1100
1 10 0 730
1 11 0 1640
1 12 0 1100
1 13 0 1590
1 14 0 1750
1 15 0 740
1 16 0 990
1 17 0 730
1 18 0 590
1 19 0 1440
1 20 0 1930
1 1 0 1940
1 2 0 1650
1 3 0 2470
1 4 0 2580
1 5 0 1080
1 6 0 1920
1 7 0 1950
1 8 0 1670
1 9 0 660
1 10 0 1990
1 11 0 860
1 12 0 1810
1 13 0 1000
1 14 1 4910
1 15 0 1100
1 16 0 1250
1 17 0 1670
1 18 0 1270
1 19 0 1840
1 20 0 1810
1 1 0 1010
1 2 0 1070
1 3 0 2050
1 4 0 2020
1 5 0 1930
1 6 0 1240
1 7 0 2020
1 8 0 2020
1 9 0 1980
1 10 0 1360
1 11 0 1790
1 12 0 1310
1 13 0 1360
1 14 0 2090
1 15 0 1230
1 16 0 1250
1 17 0 860
1 18 0 1690
1 19 0 1680
1 20 0 1830
1 1 1 3820
1 2 0 650
1 3 0 2100
1 4 0 1910
1 5 0 1300
1 6 0 2270
1 7 0 1650
1 8 0 1490
1 9 0 770
1 10 0 2080
1 11 0 2040
1 12 0 690
1 13 0 1620
1 14 0 1630
1 15 0 1640
1 16 0 2270
1 17 0 2210
1 18 0 1080
1 19 0 1460
1 20 0 720
1 1 1 3450
1 2 1 4210
1 3 0 1230
1 4 0 1460
1 5 0 1450
1 6 0 2010
1 7 0 1450
1 8 0 1880
1 9 1 3680
1 10 0 1460
1 11 0 1550
1 12 0 2180
1 13 0 3450
1 14 0 1530
1 15 0 2040
1 16 0 790
1 17 0 2060
1 18 0 1850
1 19 0 1970
1 20 0 1610
1 1 0 1440
1 2 0 3040
1 3 0 1540
1 4 0 1540
1 5 0 710
1 6 0 600
1 7 1 2760
1 8 0 1150
1 9 0 2230
1 10 0 1610
1 11 0 920
1 12 0 1900
1 13 0 1990
1 14 0 2450
1 15 0 810
1 16 0 1610
1 17 0 1620
1 18 0 810
1 19 0 810
1 20 0 1860
1 1 0 2620
1 2 0 1410
1 3 0 920
1 4 0 2430
1 5 0 890
1 6 0 1790
1 7 0 950
1 8 0 600
1 9 0 2220
1 10 0 1610
1 11 1 4250
1 12 0 1820
1 13 0 1760
1 14 0 2180
1 15 0 1400
1 16 0 1750
1 17 0 1600
1 18 0 750
1 19 0 1840
1 20 0 2010
1 1 0 990
1 2 0 3160
1 3 0 510
1 4 0 2060
1 5 0 2400
1 6 0 4270
1 7 0 1070
1 8 0 1380
1 9 0 1450
1 10 0 1640
1 11 0 1890
1 12 0 1670
1 13 0 2030
1 14 0 1700
1 15 0 1060
1 16 0 2160
1 17 0 930
1 18 0 1260
1 19 0 3210
1 20 0 2640
1 1 0 1840
1 2 0 2580
1 3 1 5200
1 4 0 2040
1 5 0 2400
1 6 0 940
1 7 0 2260
1 8 0 3100
1 9 0 720
1 10 0 750
1 11 0 1290
1 12 0 3060
1 13 0 1820
1 14 0 1030
1 15 0 1860
1 16 0 1670
1 17 0 870
1 18 0 1790
1 19 0 2690
1 20 0 1050
1 1 0 1950
1 2 0 1130
1 3 0 1000
1 4 0 1600
1 5 0 1330
1 6 0 560
1 7 0 2190
1 8 0 1680
1 9 0 2250
1 10 0 760
1 11 0 2250
1 12 0 1700
1 13 0 1470
1 14 0 2130
1 15 0 900
1 16 0 2140
1 17 0 730
1 18 0 1670
1 19 0 690
1 20 0 1440
1 1 0 1460
1 2 0 1870
1 3 0 1570
1 4 0 770
1 5 0 1450
1 6 0 740
1 7 0 1530
1 8 0 990
1 9 0 1180
1 10 0 2010
1 11 0 1190
1 12 0 1240
1 13 0 920
1 14 0 2310
1 15 0 1700
1 16 1 4910
1 17 0 1480
1 18 0 1760
1 19 0 2420
1 20 0 820
1 1 0 3000
1 2 0 1990
1 3 0 2130
1 4 0 3250
1 5 0 1770
1 6 0 2930
1 7 0 1770
1 8 0 2270
1 9 0 2660
1 10 0 1220
1 11 0 910
1 12 0 2270
1 13 0 1700
1 14 0 1540
1 15 0 1510
1 16 0 1920
1 17 0 2180
1 18 0 1380
1 19 1 5440
1 20 0 2440
1 1 0 1140
1 2 0 1590
1 3 1 4050
1 4 0 2940
1 5 0 1280
1 6 0 2060
1 7 0 810
1 8 0 860
1 9 0 4270
1 10 0 2080
1 11 0 1370
1 12 0 2440
1 13 0 1790
1 14 0 1570
1 15 0 820
1 16 0 660
1 17 0 700
1 18 1 3100
1 19 0 1640
1 20 0 1960
1 1 0 2760
1 2 0 1440
1 3 0 1970
1 4 0 1270
1 5 1 5130
1 6 0 1770
1 7 0 1040
1 8 0 740
1 9 0 2230
1 10 0 700
1 11 0 1240
1 12 0 2470
1 13 0 1170
1 14 0 1800
1 15 0 650
1 16 0 2640
1 17 0 1830
1 18 0 2210
1 19 0 530
1 20 0 1640
1 1 0 1070
1 2 0 1400
1 3 0 2070
1 4 0 1820
1 5 0 930
1 6 0 2190
1 7 0 1650
1 8 0 800
1 9 0 2970
1 10 0 860
1 11 0 1920
1 12 0 2810
1 13 0 2870
1 14 0 1810
1 15 0 890
1 16 0 1200
1 17 0 900
1 18 0 1340
1 19 0 1500
1 20 1 4020
1 1 0 1870
1 2 0 1500
1 3 0 1770
1 4 0 1790
1 5 0 700
1 6 0 1870
1 7 0 2870
