2 1 0 1670
2 2 0 1470
2 3 0 2260
2 4 0 1290
2 5 0 1620
2 6 0 1690
2 7 1 3500
2 8 1 1380
2 9 1 1150
2 10 1 2060
2 11 1 2100
2 12 1 1400
2 13 1 1460
2 1 0 820
2 2 0 1470
2 3 0 1620
2 4 1 3520
2 5 1 1080
2 6 1 790
2 7 1 970
2 8 1 1170
2 9 1 1070
2 10 1 1450
2 11 1 1330
2 12 1 1160
2 13 1 1550
2 1 0 1760
2 2 0 1420
2 3 1 3530
2 4 1 1760
2 5 1 1660
2 6 1 1000
2 7 1 1430
2 8 1 970
2 9 1 1090
2 10 1 1140
2 11 1 220
2 12 1 1410
2 13 1 920
2 1 0 1940
2 2 0 700
2 3 0 2820
2 4 1 2740
2 5 1 1470
2 6 1 3350
2 7 1 1530
2 8 1 1560
2 9 1 1150
2 10 1 770
2 11 1 1120
2 12 1 1420
2 13 1 1080
1 1 0 1530
1 2 0 1460
1 3 0 2110
1 4 0 890
1 5 0 1410
1 6 0 1170
1 7 1 2810
1 8 1 1410
1 9 1 1340
1 10 1 790
1 1 0 920
1 2 0 1390
1 3 0 2060
1 4 0 1330
2 1 0 1490
2 2 1 3210
2 1 0 3400
2 2 0 2350
2 3 0 1410
2 4 0 2270
2 5 0 2060
